0.0597199999988079	19.8	0	255
3.04610199999809	37.62	0	192
3.27493100000173	53.66	0	185
3.35561299999803	68.09	0	178
3.55008700000495	81.08	0	173
3.60775699999928	92.77	0	168
3.67170199999958	103.3	0	165
3.72741400000453	112.77	0	162
3.77079399999976	121.29	0	160
3.82324199999869	128.96	0	159
3.86745199999958	135.87	0	159
3.91533799999952	142.08	0	159
3.96256899999827	147.67	0	159
4.00792000000179	152.7	0	160
4.05549400000274	157.23	0	162
4.10652700000256	161.31	0	163
4.15707400000095	164.98	0	166
4.20407200000435	168.28	0	168
4.24883700000495	171.25	0	171
4.2989299999997	173.93	0	174
4.34125	176.34	0	177
4.38561400000006	178.5	0	180
4.43041899999976	180.45	0	183
4.47752499999851	182.21	0	187
4.52515399999917	183.79	0	191
4.5683580000028	185.21	0	195
4.61452000000328	186.49	0	199
4.65756500000507	187.64	0	203
4.70459000000358	188.67	0	207
4.75806300000101	189.61	0	212
4.81071000000089	190.45	0	216
4.85534600000083	191.2	0	221
4.90366499999911	191.88	0	225
4.94850800000131	192.49	0	230
4.99162900000066	193.04	0	234
5.03459700000286	193.54	0	239
5.07930799999833	193.99	0	244
5.12622500000149	194.39	0	249
5.16803700000048	194.75	0	253
5.21282999999821	195.07	0	255
5.25740799999982	195.37	0	255
5.3014299999997	195.63	0	255
5.34379800000042	195.87	0	255
5.38927300000191	196.08	0	255
5.43207299999893	196.27	0	255
5.47220400000364	196.44	0	255
5.51614500000328	196.6	0	255
5.55877400000393	196.74	0	255
5.60463700000197	196.87	0	255
5.65273600000143	196.98	0	255
5.69975800000131	197.08	0	255
5.74213400000334	197.17	0	255
5.78273099999875	197.26	0	255
5.82703999999911	197.33	0	255
5.86822699999809	197.4	0	255
5.92266899999976	197.46	0	255
5.96285900000483	197.51	0	255
6.00451099999994	197.56	0	255
6.04904600000381	197.6	0	255
6.09178599999845	197.64	0	255
6.13542199999839	197.68	0	255
6.17428299999982	197.71	0	255
6.21496299999952	197.74	0	255
6.2577349999994	197.77	0	255
6.30014400000125	197.79	0	255
6.34561200000346	197.81	0	255
6.39409600000083	197.83	0	255
6.43851900000125	197.85	0	255
6.48124700000137	197.86	0	255
6.52706500000507	197.88	0	255
6.57067100000381	197.89	0	255
6.61191200000048	197.9	0	255
6.65405700000376	197.91	0	255
6.70033500000089	197.92	0	255
6.75623799999803	197.93	0	255
6.809	197.93	0	255
6.85090600000322	197.94	0	255
6.89205000000447	197.95	0	255
6.93618900000304	197.95	0	255
6.97775299999863	197.96	0	255
7.01873900000006	197.96	0	255
7.06387000000477	197.96	0	255
7.10661699999869	197.97	0	255
7.15166899999976	198.07	0	255
7.19567199999839	198.06	0	255
7.23955200000107	198.06	0	255
7.28206899999827	198.05	0	255
7.32844000000507	198.05	0	255
7.36919600000232	198.04	0	255
7.41320600000024	198.04	0	255
7.45635500000417	198.03	0	255
7.50050600000471	198.03	0	255
7.54377600000054	198.03	0	255
7.58722500000149	198.02	0	255
7.62819900000095	198.12	0	255
7.67148900000006	198.11	0	255
7.71922800000012	198.1	0	255
7.76124899999797	198.09	0	255
7.80171999999881	198.08	0	255
7.84429900000244	198.07	0	255
7.89732400000095	198.07	0	255
7.94214500000328	198.06	0	255
7.98756199999899	198.05	0	255
8.02994200000167	198.05	0	255
8.07239200000465	198.04	0	255
8.12353700000048	198.04	0	255
8.16876700000465	198.03	0	255
8.20959000000358	198.03	0	255
8.25171900000423	198.03	0	255
8.30239100000262	198.03	0	255
8.34662799999863	198.02	0	255
8.39752300000191	198.02	0	255
8.43947900000215	198.02	0	255
8.48136100000143	198.02	0	255
8.52761200000346	198.01	0	255
8.56832900000364	198.01	0	255
8.61311400000006	198.01	0	255
8.65491799999774	198.01	0	255
8.69987600000203	198.01	0	255
8.74376099999994	198.01	0	255
8.78767900000513	198.01	0	255
8.82987799999863	198.01	0	255
8.88863700000197	198.01	0	255
8.93205900000036	198.01	0	255
8.97457600000501	198.01	0	255
9.02318800000101	198	0	255
9.06741799999774	198	0	255
9.11371200000495	198	0	255
9.1579430000037	198	0	255
9.20049700000137	198	0	255
9.24482500000298	198	0	255
9.28889400000125	198	0	255
9.33168500000238	198	0	255
9.3738200000003	198	0	255
9.4152819999978	198	0	255
9.45728000000119	198	0	255
9.50238599999994	198	0	255
9.54926600000262	198	0	255
9.59960400000215	198.1	0	255
9.65028299999982	198.09	0	255
9.70339999999851	198.08	0	255
9.7540700000003	198.07	0	255
9.80431100000441	198.07	-0.28	255
9.85959899999946	198.26	5.69	255
9.91345300000161	198.43	26	191
9.96446100000292	198.59	55.66	86
10.0159340000004	198.73	84.97	76
10.0595380000025	198.86	109.29	111
10.1088680000007	198.97	128.08	156
10.1500420000032	199.08	144.26	172
10.1955799999982	199.17	160.9	160
10.2396090000048	199.25	177.55	151
10.2796319999993	199.33	192.75	157
10.3231340000033	199.29	206.14	167
10.3839970000014	199.36	217.92	178
10.4256070000008	199.43	228.11	187
10.4666070000008	199.48	236.81	196
10.5079750000015	199.44	244.25	202
10.5503550000042	199.49	250.62	208
10.5946649999991	199.54	256.18	212
10.6362660000026	199.59	260.79	217
10.6782180000022	199.63	264.83	219
10.7227290000021	199.67	268.39	220
10.7637580000013	199.7	271.36	222
10.804201000005	199.73	273.88	223
10.8487690000013	199.76	276.03	224
10.8981410000026	199.78	277.86	224
10.9428859999999	199.8	279.44	223
10.9837679999992	199.82	280.79	223
11.0265820000023	199.84	281.94	222
11.0673330000043	199.86	282.91	221
11.1112110000029	199.87	283.75	220
11.1552480000034	199.88	284.46	218
11.2018840000033	199.9	285.08	217
11.2457180000022	199.91	285.61	215
11.2880590000004	199.92	286.07	213
11.3292670000046	199.92	286.46	211
11.3711820000038	199.93	286.81	209
11.4126019999981	199.94	287.1	208
11.4565970000029	199.94	287.35	206
11.5029849999994	199.95	287.57	203
11.5499680000022	199.95	287.76	201
11.5996600000039	199.96	287.93	199
11.6423420000002	199.96	288.07	197
11.6830109999999	200.07	288.21	196
11.741262000002	200.06	288.33	192
11.7995820000023	199.95	288.42	189
11.8508460000008	199.96	288.58	187
11.8967770000026	199.96	288.73	185
11.9420450000018	199.87	288.75	183
11.9871499999985	199.88	288.84	181
12.0332829999998	199.79	288.92	178
12.0820209999979	199.81	288.99	176
12.1425050000027	199.83	289.08	174
12.1809800000042	199.75	289.06	172
12.2230280000046	199.77	289.11	170
12.2676050000042	199.8	289.18	167
12.312451000005	199.82	289.16	166
12.3564830000028	199.83	289.14	163
12.3987810000032	199.95	289.12	162
12.4434900000021	199.96	289.11	158
12.4929109999985	199.96	289.09	156
12.5381290000007	199.96	289.16	153
12.5847100000009	199.87	289.21	150
12.6346660000011	199.88	289.24	149
12.6860270000026	199.89	289.38	145
12.7379790000021	199.9	289.41	144
12.7897250000015	199.81	289.33	142
12.8445329999998	199.93	289.34	141
12.8949519999996	199.94	289.38	137
12.9406459999979	199.94	289.32	136
12.9849149999991	199.95	289.34	132
13.0297100000009	199.96	289.36	130
13.0746499999985	199.96	289.38	128
13.1180860000029	199.96	289.5	124
13.163888000004	199.97	289.09	127
13.212013000004	199.87	287.13	140
13.2538840000033	199.88	284.63	145
13.3021860000044	199.8	283.41	130
13.3439020000026	199.82	283.48	117
13.3917459999993	199.73	283.43	115
13.432700000003	199.76	281.99	128
13.4732280000001	199.68	279.97	131
13.5170179999992	199.62	279.22	117
13.5572550000027	199.65	279.21	109
13.5995179999992	199.79	277.95	121
13.6412780000046	199.71	274.84	136
13.6828339999989	199.74	271.91	135
13.7284830000028	199.77	271.34	111
13.7729809999987	199.79	271.97	97
13.8183859999999	199.81	271.41	107
13.8679360000044	199.83	268.89	125
13.9097540000007	199.85	264.89	140
13.9515799999982	199.86	261.62	133
13.9955319999978	199.88	261.5	101
14.0416099999994	199.89	263.12	82
14.0833720000014	199.9	263.54	91
14.1272089999989	199.91	261.88	111
14.1816950000003	199.92	258.52	127
14.2341359999999	199.93	253.83	141
14.2757210000008	199.93	250.36	129
14.3191750000045	199.94	250.89	89
14.3609130000025	199.95	253.55	66
14.4039680000022	199.95	255.08	75
14.4552070000023	199.86	254.45	93
14.5123070000038	199.87	251.91	113
14.5597070000023	199.78	247.91	127
14.6111679999977	199.81	242.66	141
14.6563550000042	199.72	239.02	125
14.7041169999987	199.75	239.08	90
14.7561539999992	199.88	239.45	87
14.8063280000016	199.79	237.87	103
14.8654250000045	199.91	234.68	121
14.9150790000036	199.92	230.11	135
14.9601450000033	199.93	227.45	117
15.0015909999982	199.93	228.52	80
15.0455390000045	199.94	229.85	76
15.0874120000005	200.05	229.21	96
15.1292599999979	200.04	226.87	112
15.1698049999997	200.04	223.04	127
15.2118370000049	200.03	218.08	140
15.2539620000049	200.03	215.41	119
15.3016349999979	200.03	217.16	75
15.3445689999983	199.92	219.48	67
15.3889230000004	199.93	219.55	89
15.4296310000047	199.94	217.79	107
15.4704290000051	199.85	214.6	121
15.5142520000041	199.86	210.05	137
15.5562330000028	199.87	207.83	116
15.5980900000036	199.89	210.38	68
15.6399250000045	199.9	213.38	62
15.6812540000007	199.81	214.15	82
15.7234060000032	199.73	213.04	100
15.7656140000001	199.65	210.27	117
15.8080830000043	199.69	206.19	133
15.8516010000035	199.72	204.41	111
15.8942819999978	199.75	207.19	66
15.9358409999982	199.87	210.52	60
15.9766670000032	199.89	211.61	79
16.0175099999979	199.8	210.74	97
16.0658550000042	199.82	208.19	116
16.1136649999991	199.84	204.32	130
16.1675340000018	199.85	202.82	108
16.2196319999993	199.87	205.82	63
16.2655970000029	199.88	209.34	56
16.3105109999999	199.89	210.59	77
16.3542760000005	199.8	209.86	95
16.3950109999999	199.92	207.43	115
16.4359230000004	199.93	203.66	128
16.4781190000027	199.94	202.24	106
16.519436999999	199.94	205.36	61
16.5624540000036	199.85	208.97	53
16.6051059999987	199.76	210.26	74
16.6517749999985	199.89	209.44	97
16.7082670000046	200	206.98	114
16.7505590000004	199.9	203.29	125
16.7898110000044	199.91	198.43	140
16.8317650000006	199.92	196.26	115
16.8744050000012	199.83	199.51	61
16.9187260000035	199.84	203.39	53
16.9627089999989	199.76	204.83	75
17.0043929999992	199.88	204.27	97
17.0456270000041	199.9	201.98	113
17.0887829999998	199.81	198.46	126
17.1297749999985	199.83	193.86	140
17.172626000002	199.84	191.94	115
17.214625	199.76	195.44	60
17.2556190000027	199.78	199.66	52
17.2982709999979	199.8	201.36	76
17.3391340000033	199.92	201.12	95
17.3817810000032	199.93	199.23	111
17.4224479999989	199.94	195.93	127
17.4641560000032	199.94	191.43	141
17.5081799999997	199.95	189.72	115
17.5500029999986	199.95	193.45	61
17.591862999998	200.06	197.86	53
17.6327700000033	199.95	199.85	73
17.673675999999	200.06	199.74	96
17.7161850000024	199.95	197.94	111
17.7606750000045	200.06	194.71	128
17.804513000004	200.05	193.81	106
17.8499439999983	200.05	197.76	57
17.8941900000051	200.04	202.1	51
17.9348180000037	199.94	204.03	72
17.9766649999991	199.94	203.86	93
18.0195980000049	199.95	201.91	111
18.0677639999986	200.05	198.55	128
18.1143999999985	200.05	197.49	105
18.1654329999983	200.04	201.16	58
18.210200000003	200.04	205.22	52
18.2518790000007	199.94	206.92	72
18.3032520000041	199.84	206.59	92
18.3444470000044	199.86	204.49	111
18.3971420000046	199.87	200.99	126
18.4458280000016	199.88	196.32	140
18.4988540000021	199.8	194.31	114
18.5506209999993	199.72	197.72	61
18.6020879999995	199.75	201.89	52
18.6510480000004	199.67	203.55	75
18.6937340000048	199.7	203.16	95
18.7373790000007	199.73	201.05	113
18.7811030000001	199.76	197.56	128
18.8236750000045	199.78	196.52	105
18.8645680000037	199.71	200.18	57
18.9096040000021	199.73	204.24	52
18.9537950000018	199.76	205.94	74
18.9968350000009	199.79	205.59	93
19.0373530000001	199.81	203.52	111
19.0803840000033	199.73	200.06	125
19.1242590000033	199.75	195.38	140
19.1658159999996	199.68	193.52	113
19.2103189999983	199.61	196.94	61
19.2542829999998	199.55	201.06	52
19.3025670000017	199.59	202.78	75
19.342125	199.63	202.34	96
19.385263000004	199.67	200.27	113
19.4274720000029	199.7	196.94	126
19.4680480000004	199.63	192.43	139
19.5114930000007	199.67	190.57	116
19.5536110000014	199.7	194.26	61
19.594811999999	199.73	198.66	52
19.636561999999	199.76	200.5	76
19.6808400000036	199.78	200.39	94
19.7260579999983	199.81	198.61	111
19.7691300000027	199.82	195.42	127
19.8126770000011	199.84	191.01	141
19.8555949999988	199.86	189.38	115
19.8978220000043	199.87	193.18	61
19.9386780000031	199.89	197.66	52
19.9816950000003	199.9	199.66	75
20.0259430000037	199.91	199.67	94
20.0679230000004	199.92	197.87	113
20.1114100000039	199.92	194.65	128
20.163512000002	199.93	193.84	105
20.2077330000028	199.94	197.76	58
20.2507660000026	199.85	202.2	50
20.297376000002	199.76	204.19	72
20.3393409999982	199.88	203.97	96
20.3850359999985	199.9	202.1	111
20.4287159999982	199.91	198.81	127
20.4713530000001	199.92	194.33	141
20.5141310000047	199.92	192.63	115
20.557200000003	199.83	196.09	62
20.6017690000013	199.75	200.21	54
20.6440190000013	199.77	202.05	76
20.6866340000033	199.8	201.85	96
20.7304050000012	199.82	199.86	114
20.7741719999984	199.84	196.6	128
20.8158849999979	199.95	195.65	107
20.8591019999981	199.86	199.32	59
20.9040710000023	199.87	203.54	53
20.9507410000041	199.88	205.34	75
20.9926110000014	200	205.09	95
21.0359670000002	200	203.09	112
21.0785209999979	200.1	199.7	128
21.1190729999989	199.99	198.59	105
21.1646010000035	199.89	202.22	57
21.2069010000005	199.9	206.29	52
21.2494540000036	199.81	207.85	74
21.2939310000017	199.83	207.4	95
21.3355480000004	199.85	205.21	112
21.3755350000039	199.96	201.65	128
21.417262000002	199.96	200.42	105
21.4605980000049	199.97	203.8	59
21.5048849999979	199.87	207.64	52
21.5506750000045	199.78	209.12	73
21.5917349999994	199.91	208.47	96
21.631501000002	200.02	206.14	113
21.6722430000007	199.91	202.58	125
21.7165240000039	200.02	197.81	141
21.758388000004	200.02	195.73	115
21.7987129999995	199.92	199.06	60
21.8397599999979	200.03	203.01	54
21.8810329999998	200.12	204.5	77
21.9230680000037	200.11	204.09	94
21.9644219999984	200.1	201.94	112
22.0052650000006	200.09	198.41	127
22.0469210000038	199.98	193.85	139
22.089576000005	199.98	192.09	114
22.1307590000033	199.98	195.6	61
22.1712730000019	199.99	199.82	52
22.2141820000038	199.99	201.75	74
22.2552609999999	200.09	201.59	95
22.3025040000007	200.08	199.63	112
22.3422430000007	199.97	196.41	125
22.3893779999986	199.97	191.99	140
22.4311660000011	199.98	190.35	114
22.4743210000023	199.98	194.12	60
22.5186719999984	199.98	198.57	52
22.566061999999	199.98	200.56	74
22.6072419999987	199.99	200.44	95
22.6484870000035	199.99	198.63	112
22.7028720000014	199.89	195.55	125
22.7522459999993	199.9	191.27	140
22.7962760000005	199.91	189.74	114
22.8371930000037	199.92	193.6	61
22.8786059999987	199.93	198.12	52
22.9222760000005	199.93	200.18	75
22.9681579999998	199.94	200.11	95
23.0097129999995	199.95	198.37	112
23.0497670000046	199.95	195.33	126
23.0970020000041	199.96	191.06	141
23.1378400000036	199.86	189.53	114
23.1790560000017	199.97	193.38	63
23.2200920000002	199.88	197.95	51
23.2617309999987	199.89	200.04	75
23.3055909999982	199.9	200.01	96
23.3488510000035	199.81	198.34	111
23.3958170000017	199.73	195.22	127
23.4361300000027	199.76	190.85	143
23.4798700000048	199.78	189.36	116
23.5232480000034	199.9	193.25	63
23.5643470000029	199.81	197.83	52
23.606612999998	199.83	199.94	76
23.6476010000035	199.85	199.92	96
23.6904409999996	199.76	198.27	112
23.7318189999983	199.79	195.16	129
23.773013000004	199.71	194.31	107
23.8176420000046	199.74	198.29	59
23.860451000005	199.86	202.76	53
23.9043709999993	199.78	204.67	75
23.9482480000034	199.7	204.63	93
23.9906539999992	199.73	202.8	113
24.0335560000017	199.76	199.42	129
24.0741829999983	199.78	198.46	106
24.1175190000013	199.8	202.22	59
24.1601200000048	199.82	206.28	54
24.2010650000051	199.94	207.85	78
24.2431389999986	199.95	207.51	95
24.2865710000023	200.05	205.41	114
24.3304020000026	199.95	201.93	127
24.3710830000043	200.05	197.26	143
24.414689000003	199.95	195.26	116
24.455561999999	199.85	198.68	62
24.4980200000033	199.87	202.71	55
24.5414620000049	199.88	204.24	79
24.5832560000047	199.99	203.86	98
24.6266960000023	199.99	201.88	113
24.666888000004	199.99	198.37	130
24.7139549999982	200.09	197.19	109
24.7568430000022	200.08	200.9	59
24.7989120000005	199.98	205.04	52
24.8420069999993	200.08	206.66	77
24.8832700000033	200.07	206.21	96
24.9346530000046	200.16	204.14	114
24.9877410000041	200.15	200.72	127
25.0394090000018	200.13	196.13	141
25.091425999999	200.12	194.27	116
25.1443420000002	200.01	197.71	62
25.196888000004	200.01	201.76	55
25.2498079999983	199.91	203.44	76
25.3056099999994	199.92	203.07	97
25.3812719999999	200.02	200.97	116
25.4329340000004	200.02	197.5	130
25.4756560000032	200.02	196.47	107
25.5234460000023	199.92	200.15	59
25.57225	199.83	204.23	53
25.6227419999987	199.84	206.04	74
25.674126000002	199.86	205.8	94
25.7260359999985	199.87	203.68	113
25.7755570000038	199.89	200.17	128
25.8287969999984	199.9	199.09	105
25.8773690000027	199.81	202.63	58
25.9276860000044	199.83	206.63	53
25.9791209999993	199.74	208.25	73
26.0314919999987	199.77	207.72	95
26.0843599999994	199.79	205.49	113
26.1362309999987	199.81	201.89	127
26.1884230000004	199.93	197.13	142
26.2403999999985	199.94	195.16	115
26.2925340000018	199.84	198.57	61
26.3451150000021	199.96	202.6	55
26.3979100000039	200.06	204.14	78
26.4490270000026	199.96	203.79	94
26.5012760000005	199.96	201.69	113
26.5538519999981	199.97	198.08	129
26.6056829999983	199.97	196.92	106
26.6574200000018	199.97	200.63	58
26.7099470000044	199.88	204.83	50
26.764751000002	199.99	206.49	75
26.8149680000022	200.09	206.07	95
26.8674710000008	200.08	204.02	111
26.9216110000014	199.97	200.61	125
26.9723680000007	199.97	196	140
27.0239849999994	199.98	194.04	115
27.0763940000013	200.08	197.39	64
27.1285080000013	200.07	201.48	53
27.1811710000038	199.96	203.19	74
27.2329179999977	199.97	202.85	95
27.2892100000009	199.87	200.77	112
27.3410659999996	199.78	197.28	127
27.3916099999994	199.71	192.61	141
27.441699000001	199.64	190.72	116
27.494063000001	199.67	194.39	62
27.5458610000014	199.6	198.78	51
27.5982709999979	199.54	200.75	74
27.650050999999	199.59	200.61	95
27.7025930000022	199.63	198.68	113
27.7551190000027	199.67	195.46	127
27.8063700000048	199.7	190.91	143
27.8591190000027	199.63	189.26	115
27.9113669999987	199.67	193.14	61
27.9640879999995	199.7	197.6	53
28.0157789999992	199.83	199.6	77
28.0678449999988	199.75	199.62	94
28.1196900000051	199.77	197.83	113
28.1749699999988	199.8	194.51	130
28.2242089999989	199.82	193.62	107
28.275949000001	199.83	197.71	57
28.3281860000044	199.85	202.17	51
28.3804600000009	199.87	204.06	75
28.4327459999993	199.88	203.99	94
28.4849750000015	199.99	202.14	113
28.5371689999998	199.99	198.85	127
28.5897040000036	199.99	194.35	141
28.6421420000047	199.89	192.5	116
28.6940260000005	199.8	196.07	62
28.7460289999992	199.72	200.46	52
28.798012000002	199.75	202.29	76
28.8505350000039	199.68	202.06	95
28.9032770000026	199.71	200.19	113
28.9555920000002	199.64	196.79	129
29.0068379999995	199.67	195.69	108
29.0593819999993	199.71	199.47	59
29.1117070000023	199.64	203.81	51
29.1641120000035	199.67	205.59	75
29.2162290000021	199.61	205.3	94
29.2687990000024	199.64	203.26	113
29.3210370000005	199.68	199.81	128
29.3734219999984	199.71	198.69	106
29.4255960000008	199.64	202.3	58
29.4772070000023	199.68	206.34	53
29.5295670000017	199.61	207.9	74
29.5820980000049	199.65	207.43	95
29.6338079999983	199.68	205.24	113
29.6865480000004	199.72	201.66	128
29.7388489999995	199.74	200.43	106
29.7906209999993	199.77	203.81	60
29.8424170000032	199.79	207.63	53
29.8950839999989	199.81	209.12	74
29.9468570000008	199.73	208.58	93
29.9990729999989	199.76	206.3	112
30.0513440000042	199.78	202.57	128
30.1045570000038	199.8	201.18	106
30.1560219999999	199.72	204.55	57
30.2084050000012	199.75	208.29	52
30.261186999999	199.78	209.43	77
30.312186999999	199.7	208.57	95
30.3646450000033	199.73	205.74	116
30.4176290000007	199.76	201.08	136
30.4700600000024	199.68	198.63	115
30.5221440000013	199.71	200.75	71
30.5733390000015	199.74	202.84	70
30.6268339999989	199.77	201.81	101
30.6779030000046	199.79	197.71	132
30.7305940000042	199.71	194.94	120
30.7830480000004	199.74	197	74
30.8359820000008	199.77	199.05	73
30.8881150000021	199.69	197.76	105
30.9398599999994	199.82	193.57	137
30.9922840000018	199.74	191.1	120
31.0438500000015	199.76	193.59	72
31.096813000001	199.79	196.02	71
31.1481499999985	199.81	195.17	103
31.200438000001	199.83	191.62	131
31.2541810000017	199.95	189.86	116
31.3052870000005	199.95	192.72	69
31.357811999999	199.86	195.44	69
31.408938000001	199.87	194.82	102
31.4619210000038	199.88	191.48	130
31.5137360000014	199.79	189.89	114
31.5658900000006	199.72	192.72	70
31.6178730000034	199.74	195.14	74
31.6707730000019	199.77	194.02	108
31.7221560000032	199.69	190.27	135
31.7746140000001	199.72	188.19	121
31.8267969999984	199.75	190.48	78
31.8787370000035	199.78	192.42	81
31.9311099999994	199.8	190.88	115
31.9831550000012	199.92	186.47	147
32.0354560000002	199.83	183.82	129
32.0885380000025	199.84	188.37	59
32.1402740000039	199.86	196.38	22
32.191887000002	199.87	201.58	46
32.2448489999995	199.79	202.69	84
32.2970090000033	199.81	200.17	121
32.349487999998	199.73	194.93	149
32.4008229999989	199.75	191.7	133
32.4538159999996	199.68	195.5	62
32.5058320000023	199.61	203.03	23
32.5587220000029	199.75	208.1	45
32.6102850000039	199.77	209.68	77
32.662699000001	199.8	208.94	99
32.7152040000036	199.72	206.62	114
32.7667150000036	199.85	202.96	131
32.8189360000044	199.86	201.53	109
32.8713680000007	199.98	204.88	62
32.9233530000001	199.98	208.74	54
32.9759690000042	199.88	210.12	76
33.0274890000001	199.89	209.58	96
33.0798650000021	199.9	207.47	112
33.1321310000047	199.91	203.87	128
33.1846970000043	199.92	202.57	106
33.2367810000032	199.83	206	58
33.2894540000036	199.85	209.8	53
33.3411420000047	199.76	211.14	75
33.3939650000036	199.69	210.72	92
33.4451730000004	199.62	208.69	108
33.4986330000013	199.56	205.15	124
33.550688000001	199.6	200.45	139
33.6024900000021	199.64	198.4	114
33.6551450000033	199.58	201.63	61
33.7071970000043	199.62	205.5	54
33.7600590000004	199.56	207.04	74
33.8116539999992	199.5	206.7	92
33.8629610000029	199.45	204.61	110
33.9152239999995	199.51	201.13	126
33.9679290000051	199.55	196.46	140
34.0200429999977	199.6	194.69	113
34.0724409999996	199.64	198.21	60
34.1245960000008	199.78	202.34	53
34.1767980000004	199.7	204.21	72
34.228925999999	199.73	204	93
34.2809580000043	199.76	202.05	111
34.3327709999979	199.78	198.8	125
34.3857800000012	199.8	194.46	138
34.4381730000004	199.72	192.88	111
34.4896689999998	199.75	196.52	60
34.5412789999992	199.67	200.78	51
34.5939790000021	199.81	202.71	74
34.646550999999	199.83	202.67	92
34.6988990000039	199.74	200.97	108
34.751126000002	199.77	197.85	124
34.8028299999982	199.79	193.52	138
34.8552890000045	199.71	192.05	110
34.9072450000048	199.74	195.82	59
34.9600890000016	199.77	200.17	52
35.0121510000005	199.69	202.21	72
35.0645570000038	199.62	202.29	90
35.1156939999983	199.56	200.56	109
35.1679820000008	199.6	197.38	125
35.2199690000042	199.64	193.11	138
35.2722410000041	199.68	191.59	113
35.3253180000037	199.61	195.35	59
35.3774640000016	199.65	199.79	51
35.4291710000038	199.68	201.74	74
35.4817180000022	199.72	201.73	93
35.5340350000039	199.74	200.03	110
35.586200000003	199.77	197.02	124
35.6385190000013	199.69	192.78	137
35.6906909999996	199.72	191.15	114
35.7424970000014	199.85	194.89	62
35.7945700000003	199.87	199.37	51
35.8473229999989	199.88	201.28	75
35.8995710000023	199.79	201.04	95
35.9518360000029	199.91	199.04	115
36.0031700000018	199.92	195.66	129
36.0557599999979	199.93	194.73	106
36.1076689999998	199.94	198.65	58
36.1612760000005	199.84	203.21	48
36.212425999999	199.76	205.31	70
36.2646180000007	199.78	205.2	93
36.3166730000004	199.8	203.45	109
36.3688390000016	199.82	200.39	123
36.4216719999984	199.84	196.1	137
36.4741590000018	199.86	194.41	113
36.5255949999988	199.87	197.96	61
36.5788730000034	199.78	202.32	50
36.6310329999998	199.71	204.26	72
36.6821550000012	199.74	204.03	94
36.7350150000006	199.76	202.17	111
36.7867349999994	199.79	199.03	125
36.8390830000043	199.81	194.53	140
36.891450000003	199.83	192.79	115
36.9444910000041	199.74	196.46	60
36.9952990000024	199.77	200.71	53
37.0486719999984	199.79	202.54	75
37.1006000000015	199.71	202.41	93
37.1522120000049	199.74	200.5	112
37.2042309999987	199.77	197.31	126
37.2565820000023	199.79	193.04	139
37.3087529999986	199.71	191.37	114
37.361498999998	199.74	195.23	60
37.4134250000045	199.77	199.76	51
37.4665230000019	199.69	201.86	73
37.517700000003	199.62	201.99	92
37.5707480000034	199.66	200.3	111
37.6225870000049	199.69	197.16	126
37.6751799999997	199.82	192.91	140
37.7263990000039	199.84	191.52	113
37.7789270000011	199.96	195.37	62
37.830824000001	199.86	199.8	52
37.8829160000011	199.88	201.89	74
37.9350930000022	199.89	201.99	93
37.988199000001	199.8	200.41	109
38.0404950000048	199.92	197.36	127
38.0929680000022	199.93	193.1	140
38.1451010000035	199.93	191.69	113
38.1975980000049	199.84	195.52	60
38.249199000001	199.86	199.9	54
38.3008950000033	199.77	201.84	75
38.353237999998	199.69	201.93	93
38.405873999998	199.72	200.34	111
38.4582349999994	199.75	197.17	128
38.5101689999998	199.68	196.15	107
38.5622709999979	199.71	199.86	60
38.6144900000021	199.84	204.11	54
38.6672859999984	199.85	205.82	76
38.7189699999988	199.87	205.49	96
38.7713859999999	199.88	203.42	114
38.8237960000038	199.89	199.84	130
38.8749460000023	199.9	198.62	108
38.9274670000002	199.81	202	61
38.9799570000023	199.83	205.81	56
39.0324439999983	199.85	207.16	78
39.0849179999977	199.86	206.37	99
39.1369189999998	199.98	203.86	118
39.1889430000037	199.98	199.87	133
39.2407199999988	200.08	198.17	113
39.2935150000006	200.07	201.19	65
39.3459350000024	199.97	204.86	56
39.3979109999985	199.97	206.05	80
39.4505329999998	200.07	205.01	103
39.5019409999996	199.97	202.29	118
39.554688000001	199.97	198.12	135
39.6071609999984	199.97	196.26	114
39.6595659999996	199.97	199.31	65
39.7107140000016	199.98	202.88	58
39.7642740000039	199.98	203.84	83
39.8159780000001	199.88	202.7	103
39.867762000002	199.99	199.75	124
39.9199160000011	199.99	195.3	139
39.9716860000044	199.99	193.35	116
40.0247870000005	199.9	196.53	65
40.0759210000038	200.01	200.18	60
40.128876000002	200.01	200.98	86
40.1805190000013	200	199.56	108
40.2328910000026	200	196.25	128
40.2859350000024	200	194.97	109
40.3378229999989	199.9	198.3	62
40.3900429999977	199.91	201.7	61
40.4415260000005	199.82	202.39	86
40.4941010000035	199.84	200.77	110
40.5463280000016	199.86	197.25	130
40.5986420000047	199.87	195.76	111
40.6512030000016	199.88	198.83	66
40.7026230000034	199.79	202.28	59
40.7550150000006	199.72	202.91	86
40.8072269999981	199.64	201.09	111
40.8594100000039	199.58	197.28	132
40.9112550000027	199.52	195.42	114
40.9652829999998	199.47	198.38	66
41.0161349999979	199.52	201.6	63
41.068075000003	199.47	201.9	90
41.1207480000034	199.52	199.8	115
41.1734130000025	199.67	195.73	137
41.2250860000029	199.6	193.81	116
41.276762000002	199.64	196.77	68
41.3294120000005	199.68	199.98	64
41.3815429999977	199.71	200.35	91
41.4346000000015	199.74	198.29	116
41.4867159999982	199.77	194.16	138
41.537950000003	199.69	192.44	115
41.5910469999984	199.82	195.59	68
41.6437770000026	199.74	198.96	63
41.6955940000042	199.66	199.49	90
41.7467650000006	199.7	197.59	115
41.7993229999989	199.73	193.71	136
41.8519320000038	199.66	191.83	117
41.9040450000018	199.59	194.91	68
41.9570940000042	199.63	198.35	64
42.0081840000004	199.67	198.85	92
42.0609140000045	199.7	197.04	115
42.112998999998	199.73	193.12	138
42.1648350000009	199.76	191.31	118
42.2172140000015	199.68	194.52	67
42.2692650000006	199.81	197.96	66
42.3215179999992	199.83	198.5	92
42.3735179999992	199.85	196.99	113
42.4258449999988	199.86	193.89	130
42.4780420000032	199.78	192.94	109
42.530811999999	199.8	196.98	60
42.5831640000045	199.82	201.56	52
42.6346550000012	199.74	203.56	75
42.6872560000047	199.66	203.26	97
42.7391429999992	199.6	200.65	121
42.7916770000011	199.64	195.92	145
42.8432100000009	199.57	193.4	124
42.8961790000051	199.52	195.86	75
42.9477230000049	199.57	198.23	75
43.0000940000042	199.61	197.48	106
43.0521459999979	199.65	194.03	134
43.1051950000003	199.68	192.22	119
43.1568660000041	199.71	195	74
43.2090480000004	199.74	197.52	75
43.2618840000033	199.77	196.87	106
43.3132239999995	199.69	193.91	129
43.3667760000005	199.72	192.65	114
43.4179219999984	199.65	195.62	71
43.4704890000001	199.69	198.53	71
43.523076000005	199.72	198.42	100
43.5745769999996	199.75	195.69	127
43.6272540000007	199.87	190.68	153
43.6797459999993	199.98	187.95	132
43.7309479999989	199.99	192.63	58
43.7836579999998	199.99	201.11	17
43.8358189999983	199.99	207.21	37
43.8884809999987	199.89	209.62	70
43.9396279999986	199.8	209.03	99
43.9919130000025	199.82	205.73	127
44.0455310000032	199.84	200.37	150
44.0967529999986	199.85	197.06	132
44.1490439999998	199.87	200.67	64
44.2012670000046	199.88	208.04	23
44.2540380000025	199.89	213.12	42
44.3062030000016	199.8	214.52	76
44.3585219999999	199.82	212.93	106
44.4106349999979	199.84	208.93	131
44.4634140000045	199.86	206.35	119
44.5144450000003	199.87	207.87	78
44.5670209999979	199.78	209.44	75
44.6189720000029	199.81	208.05	106
44.6718500000015	199.83	204.32	130
44.7230879999995	199.84	202.1	116
44.7758790000007	199.76	203.96	75
44.8281560000032	199.78	205.94	74
44.8802430000007	199.7	205.15	100
44.9328590000048	199.83	201.83	128
44.9853859999999	199.85	200.14	112
45.0377030000016	199.97	203.13	66
45.0890879999995	199.97	206.65	58
45.1420350000039	199.97	207.74	81
45.1931429999992	199.87	206.98	98
45.2455350000039	199.89	204.66	115
45.2977450000048	199.8	201.04	128
45.3500370000005	199.72	199.75	106
45.4022700000033	199.75	203.21	60
45.4556490000039	199.67	207.37	50
45.5067520000041	199.6	209.14	72
45.5600920000002	199.64	208.77	93
45.6114360000044	199.68	206.78	110
45.6641930000037	199.61	203.63	121
45.7166190000027	199.75	199.27	137
45.7679690000042	199.78	197.54	112
45.8202330000028	199.7	200.9	60
45.8736080000028	199.63	204.86	52
45.9249439999983	199.57	206.59	73
45.9779420000017	199.61	206.4	92
46.0291180000007	199.75	204.59	109
46.0816310000047	199.77	201.4	123
46.1341569999978	199.8	197	137
46.1859320000038	199.82	195.33	112
46.2386000000015	199.73	199	57
46.2902650000006	199.76	203.25	51
46.3428990000039	199.89	205.09	74
46.3951290000007	199.9	205.01	91
46.447248999998	199.91	203.28	108
46.4998320000023	199.82	200.25	121
46.5511230000034	199.73	195.98	135
46.6037370000035	199.66	194.3	111
46.6562060000002	199.59	197.98	58
46.7082250000015	199.64	202.37	50
46.7608690000027	199.57	204.35	71
46.8131700000018	199.61	204.39	90
46.8650890000015	199.65	202.63	108
46.9169699999988	199.69	199.58	122
46.9696300000027	199.72	195.4	135
47.0214189999998	199.75	193.79	112
47.0742780000046	199.67	197.43	58
47.1262690000013	199.81	201.91	50
47.178949000001	199.82	204.06	70
47.230175999999	199.84	204.13	90
47.2833669999987	199.96	202.42	109
47.3342180000022	199.96	199.42	122
47.3869200000018	199.97	195.3	135
47.4395850000009	199.87	193.72	110
47.4922719999999	199.78	197.48	57
47.5435260000005	199.8	201.94	49
47.5958049999997	199.72	203.99	70
47.6481770000011	199.75	204.08	90
47.7006900000051	199.88	202.37	109
47.7528980000019	199.89	199.34	122
47.8050520000011	199.9	195.18	135
47.8577239999995	199.91	193.73	110
47.9098859999999	199.82	197.49	57
47.9621520000026	199.94	201.84	51
48.013425999999	199.94	203.77	72
48.0659149999991	199.85	203.87	89
48.118126000002	199.86	202.3	107
48.1704549999982	199.88	199.15	123
48.2231790000051	199.89	194.89	136
48.274638000004	199.9	193.5	110
48.3276609999985	199.91	197.23	58
48.3796609999984	199.92	201.64	50
48.4320700000003	199.93	203.71	71
48.4841649999991	199.93	203.69	91
48.5360109999999	199.84	202.02	107
48.5880570000038	199.96	198.91	124
48.6399189999998	199.96	194.72	136
48.693125	199.97	193.25	111
48.7451019999981	199.97	196.96	59
48.7967599999979	200.07	201.42	50
48.849625	200.06	203.44	72
48.9017030000016	199.96	203.46	90
48.9535439999998	199.86	201.94	106
49.0058110000044	199.88	198.96	122
49.0582049999982	199.89	194.72	136
49.1106790000051	199.9	193.35	110
49.162925999999	199.81	197.09	58
49.2145870000049	199.83	201.5	50
49.2668950000033	199.85	203.62	71
49.3186700000018	199.96	203.65	92
49.3710429999977	199.97	201.98	108
49.4238310000002	200.07	198.98	123
49.4755670000017	200.06	194.9	135
49.5280860000029	199.96	193.4	110
49.5806569999978	199.96	197.09	59
49.632063000001	199.96	201.62	49
49.6850650000051	199.97	203.7	71
49.7369090000018	199.97	203.69	91
49.7883269999996	199.97	202.05	108
49.8415729999989	199.98	198.98	123
49.8932450000048	199.98	194.75	136
49.9456609999985	199.98	193.35	110
49.9982170000002	200.08	197.17	59
50.0505160000026	199.97	201.57	49
50.1027969999984	199.98	203.66	71
50.1554670000002	200.08	203.76	91
50.207	200.07	202.17	107
50.2592730000019	200.16	199.14	124
50.3108480000049	200.15	194.9	137
50.3641810000017	200.03	193.4	110
50.415550999999	200.03	197.12	59
50.4678150000051	199.93	201.64	48
50.5200410000011	199.93	203.71	72
50.5726530000046	199.94	203.69	92
50.6243550000042	199.95	202.03	108
50.6764730000049	199.95	198.94	124
50.7287569999993	199.96	194.72	137
50.7813290000036	199.96	193.35	110
50.8338559999987	199.96	197.09	59
50.8863269999996	199.97	201.52	50
50.9374940000027	199.97	203.61	72
50.9897419999987	199.97	203.62	92
51.0415799999982	199.98	201.98	108
51.0948620000035	199.98	198.91	124
51.146699000001	199.98	194.82	135
51.1993379999995	199.98	193.41	111
51.2515949999988	199.98	197.11	60
51.3038030000031	199.89	201.51	50
51.3555490000024	199.9	203.6	72
51.4075230000019	199.91	203.71	91
51.4597459999993	200.02	202.06	110
51.5123530000001	200.02	199.09	123
51.5648390000015	199.91	194.98	135
51.6172159999982	199.82	193.45	111
51.669451000005	199.74	197.14	59
51.7235160000026	199.77	201.65	50
51.7746700000018	200.19	203.59	77
51.8277730000019	200.47	203.45	96
51.877936999999	200.72	201.93	110
51.9332770000026	200.95	198.96	126
51.9865249999985	201.16	194.72	140
52.0405429999977	201.34	189.7	150
52.0929680000022	201.51	183.9	161
52.1394699999988	201.66	177.27	173
52.1943680000007	201.79	170.09	183
52.2432529999986	201.91	162.56	191
52.2956820000038	202.02	154.73	199
52.3467880000025	202.12	146.77	205
52.3989460000023	202.31	138.56	214
52.4511169999987	202.48	130.28	221
52.5033299999982	202.53	121.93	227
52.5556820000038	202.68	113.56	235
52.6079720000029	202.71	105.29	239
52.6600399999991	202.74	96.83	248
52.7110050000027	202.76	88.47	254
52.7630200000033	202.79	80.35	255
52.8150830000043	202.81	72.28	255
52.8665060000047	202.83	64.26	255
52.9182719999999	202.94	56.43	255
52.9703819999993	202.95	48.76	255
53.0224560000002	202.96	41.64	255
53.0735659999996	202.96	35.56	255
53.1265579999983	202.96	30.37	255
53.1780080000013	202.97	25.94	255
53.2297780000046	202.97	22.15	255
53.280939000003	202.97	18.91	255
53.3331560000032	202.98	16.15	255
53.3855659999996	202.98	13.79	255
53.4361679999977	202.98	11.78	255
53.4886400000006	202.98	10.06	255
53.5405080000013	202.98	8.59	255
53.5920209999979	202.99	7.34	255
53.643748999998	202.99	6.27	255
53.6967349999994	202.99	5.35	255
53.7470390000045	202.99	4.57	255
53.7992529999986	202.99	3.9	255
53.8518079999983	202.99	3.33	255
53.9056400000006	202.99	2.85	255
53.9621030000001	202.99	2.43	255
54.0124849999994	202.99	2.08	255
54.0657950000018	202.99	1.77	255
54.1197670000047	203	1.51	255
54.1742070000023	203	1.29	255
54.2330659999996	203	1.1	255
54.2834409999996	203	0.94	255
54.3343310000002	203	0.81	255
54.3869400000051	203	0.69	255
54.4365480000004	203	0.59	255
54.4852650000006	203	0.5	255
54.5348620000035	203	0.43	255
54.5862390000001	203	0.37	255
54.6414219999984	203	0.31	255
54.693576000005	203	0.27	255
54.7456389999986	203	0.23	255
54.8001689999998	203	0.19	255
54.8465160000026	203	0.17	255
54.8999060000032	203	0.14	255
54.9544919999987	203	0.12	255
55.0125310000032	203	0.1	255
55.0658969999999	203	0.09	255
55.1174860000014	203	0.08	255
55.1683550000042	203	0.06	255
55.2205659999996	203	0.06	255
55.2765570000038	203	0.05	255
55.3482400000021	203	0.04	255
55.398875	203	0.03	255
55.4468310000002	203	0.03	255
55.5048940000013	203	0.03	255
55.5546150000021	203	0.02	255
55.6099800000042	203	0.02	255
55.6614420000017	203	0.02	255
55.7116310000047	203	0.01	255
55.7610029999986	203	0.01	255
55.8123530000001	203	0.01	255
55.8629730000049	203	0.01	255
55.9144079999998	203	0.01	255
55.9625570000038	203	0.01	255
56.0129919999987	203	0.01	255
56.0625240000039	203	0	255
56.1140659999996	203	0	255
56.1634109999984	203	0	255
56.2164760000035	203	0	255
56.2663430000022	203	0	255
56.3189699999988	203	0	255
56.3703489999995	203	0	255
56.4237400000021	203	0	255
56.4742870000005	203	0	255
56.5273350000009	203	0	255
56.5758320000023	203	0	255
56.6259919999987	203	0	255
56.6756030000001	203	0	255
56.7214600000009	203	0	255
56.7614039999992	203	0	255
56.8074069999978	203	0	255
56.8502829999998	203	0	255
56.9028030000031	203	0	255
56.9537459999993	203	0	255
57.0061410000026	203	0	255
57.057300999999	203	0	255
57.1086700000018	203	0	255
57.1614030000046	203	0	255
57.212637000002	203	0	255
57.264112999998	203	0	255
57.3161000000015	203	0	255
57.3675020000041	203	0	255
57.4255769999996	203	0	255
57.4811900000051	203	0	255
57.5331040000021	203	0	255
57.578513000004	203	0	255
57.6263650000021	203	0	255
57.6801180000007	203	0	255
57.7434800000042	203	0	255
57.8005490000024	203	0	255
57.8570570000038	203	0	255
57.9083940000013	203	0	255
57.962576000005	203	0	255
58.0211050000042	203	0	255
58.0760520000011	203	0	255
58.1321640000045	203	0	255
58.178625	203	0	255
58.2250190000013	203	0	255
58.2698660000041	203	0	255
58.3193299999982	203	0	255
58.3669820000008	203	0	255
58.4189809999988	203	0	255
58.470939000003	203	0	255
58.5187560000047	203	0	255
58.5715549999997	203	0	255
58.6240280000046	203	0	255
58.6767210000008	203	0	255
58.7243200000003	203	0	255
58.7720109999999	203	0	255
58.8338489999995	203	0	255
58.8947960000038	203	0	255
58.9534290000051	203	0	255
59.0131730000004	203	0	255
59.0805870000049	203	0	255
59.1543999999985	203	0	255
59.2085160000026	203	0	255
59.2521569999978	203	0	255
59.2983100000024	203	0	255
59.3443810000047	203	0	255
59.3906850000024	203	0	255
59.4343550000042	203	0	255
59.4888290000036	203	0	255
59.5347210000008	203	0	255
59.5806459999979	203	0	255
59.6256930000037	203	0	255
59.6711000000015	203	0	255
59.7173940000012	203	0	255
59.7608290000036	203	0	255
59.806564000003	203	0	255
59.8501950000003	203	0	255
59.9048519999981	203	0	255
59.9555310000032	203	0	255
60.0137089999989	203	0	255
60.073237999998	203	0	255
60.1204900000021	203	0	255
60.1690399999991	203	0	255
60.2163980000019	203	0	255
60.2622159999982	203	0	255
60.3228320000023	203	0	255
60.365061999999	203	0	255
60.4166979999989	203	0	255
60.4682810000032	203	0	255
60.5200090000033	203	0	255
60.5720390000045	203	0	255
60.6238100000024	203	0	255
60.6746070000008	203	0	255
60.7269079999998	203	0	255
60.7781510000005	203	0	255
60.8302019999996	203	0	255
60.8821620000005	203	0	255
60.9334640000015	203	0	255
60.9862140000016	203	0	255
61.0371620000005	203	0	255
61.0896080000028	203	0	255
61.1401230000034	203	0	255
61.1927599999979	203	0	255
61.2437660000026	203	0	255
61.301326000005	203	6.23	255
61.3477480000034	203	26.74	190
61.3999760000035	203	56.82	83
61.4615729999989	203	86.55	71
61.511625	203	111.49	105
61.5564790000021	203	131.06	147
61.6111640000045	203	147.77	166
61.6710769999996	203	164.58	157
61.725561999999	203	181.15	151
61.7809189999998	203	196.36	157
61.8381850000024	203	209.85	166
61.8898680000007	203	221.53	178
61.938449000001	203	231.77	185
62.0047430000007	203	240.54	194
62.057800999999	203	247.98	202
62.1005060000047	203	254.43	207
62.1531719999984	203	259.96	212
62.2026190000027	203	264.68	215
62.2447969999984	203	268.7	218
62.2916649999991	203	272.14	220
62.3431080000028	203	275.08	222
62.3954290000051	203	277.58	223
62.4480050000027	203	279.71	223
62.5006310000047	203	281.54	223
62.5535970000029	203	283.09	223
62.6063460000008	203	284.43	222
62.6582760000005	203	285.57	222
62.7110530000031	203	286.54	220
62.7638049999997	203	287.36	219
62.8157340000048	203	288.05	218
62.868137000002	203	288.65	216
62.9206900000051	203	289.17	215
62.9731810000017	203	289.61	213
63.0260319999978	203	289.98	211
63.0791120000035	203	290.27	209
63.131137000002	203	290.53	207
63.1837470000014	203	290.75	205
63.2361539999992	203	290.95	203
63.2886140000001	203	291.13	201
63.3408730000034	203	291.28	199
63.3933859999999	203	291.4	197
63.4460579999983	203	291.51	194
63.4991200000048	203	291.59	192
63.5516340000033	203	291.65	190
63.6039629999995	203	291.73	188
63.6567899999991	203	291.81	185
63.7089189999998	203	291.87	183
63.7613290000036	203	291.92	181
63.8136330000013	203	291.94	179
63.8662300000042	203	291.96	177
63.9191389999986	203	291.97	174
63.9718700000048	203	291.99	172
64.0243940000013	203	292	170
64.0768779999986	203	292.01	167
64.1285260000005	203	292.03	165
64.1814010000005	203	292.05	162
64.2341010000035	203	292.06	160
64.2867740000039	203	292.1	158
64.3390099999979	203	292.06	156
64.3916740000024	203	291.98	154
64.4440289999992	203	292	151
64.4968269999996	203	292.03	148
64.5485549999997	203	292.07	146
64.6014760000035	203	292.09	144
64.6540839999989	203	292.11	142
64.7058189999983	203	292.14	139
64.7588519999981	203	292.08	138
64.810701000005	203	292.05	135
64.8635390000045	203	292.02	133
64.9163650000021	203	291.96	131
64.9680780000016	203	292.03	127
65.0210040000007	203	291.59	130
65.0733669999987	203	290.44	135
65.125925999999	203	289.56	131
65.1785460000038	203	289.4	122
65.2301359999999	203	288.99	122
65.2828969999999	203	287.29	133
65.3347340000048	203	285.05	137
65.3891389999986	203	283.98	124
65.4400160000026	203	283.55	116
65.4922810000032	203	282.05	125
65.5452290000022	203	278.86	141
65.5970480000004	203	275.74	140
65.6493599999994	203	274.89	117
65.7019549999982	203	275.18	104
65.7541410000026	203	274.39	113
65.8066750000045	203	271.91	129
65.8589570000023	203	269.4	128
65.9111209999993	203	269.19	105
65.9644659999982	203	270.37	89
66.0157450000048	203	270.32	99
66.0694020000026	203	268.26	118
66.1216010000035	203	264.76	132
66.1727159999981	203	261.89	125
66.2259620000049	203	260.99	106
66.2783570000008	203.1	259.92	107
66.3311679999977	203.09	257.22	122
66.3824710000008	203.08	253.13	136
66.4347440000027	203.07	250.09	126
66.4871459999978	203.07	249.85	98
66.5389840000048	203.06	249.61	97
66.5915820000023	203.05	247.6	114
66.6440879999995	203.05	244.1	129
66.6958599999994	203.04	241.79	118
66.7479470000043	203.04	242.45	88
66.8003550000042	203.03	243.07	87
66.852748999998	203.03	241.81	104
66.9050680000037	203.03	238.9	121
66.9578910000026	203.03	234.67	135
67.0092140000015	203.02	232.18	119
67.0617939999998	203.02	233.13	84
67.1143650000021	203.02	234.35	80
67.166938000001	203.02	233.7	98
67.2184450000003	203.01	231.36	114
67.2712679999992	203.01	227.57	130
67.3237529999986	203.01	225.44	114
67.3761220000014	203.01	226.98	77
67.4281429999992	203.01	228.75	74
67.4805780000016	203.01	228.58	92
67.5327370000035	203.01	226.72	108
67.5850560000017	203.01	223.33	124
67.6368229999989	203.11	218.74	139
67.6895579999983	203.1	216.27	118
67.7419060000032	203.09	218.19	74
67.7942170000002	203.08	220.62	68
67.8462810000032	203.07	220.88	88
67.8977400000021	203.06	219.45	105
67.9500350000039	203.06	216.58	120
68.0026230000034	203.05	212.43	134
68.0548559999988	203.05	210.43	114
68.1072419999987	203.04	212.87	70
68.159939000003	203.04	215.8	63
68.2112829999998	203.03	216.55	84
68.2638849999979	203.03	215.51	101
68.315862999998	203.03	212.93	117
68.3683420000002	203.02	209.05	131
68.4205570000038	203.12	207.29	112
68.4732309999987	203.11	210.08	66
68.5255160000026	203.1	213.44	59
68.5770980000049	203.09	214.39	81
68.6290830000043	203.08	213.52	99
68.6821120000035	203.07	211.24	113
68.7337960000038	203.06	207.47	129
68.7870310000032	203.06	205.92	109
68.8383460000008	203.05	208.91	63
68.8909890000001	203.05	212.29	58
68.9420179999992	203.04	213.51	78
68.9947269999981	203.04	212.76	97
69.0475610000044	203.03	210.44	113
69.0990700000003	203.03	206.79	127
69.1516019999981	203.03	202.1	140
69.2040190000013	203.13	198.38	133
69.2564739999995	203.11	195.9	122
69.3085209999979	203.1	192.79	130
69.3610439999998	203.09	188.34	145
69.4122529999986	203.08	182.87	158
69.4647690000013	203.07	176.66	169
69.5167660000026	203.17	169.69	182
69.5694860000014	203.15	162.34	189
69.6207950000018	203.13	154.8	196
69.6733690000027	203.22	146.83	207
69.7248000000045	203.2	138.76	212
69.7769690000042	203.28	130.6	220
69.828876000002	203.25	122.36	226
69.8809130000025	203.23	114.2	232
69.9332650000006	203.2	105.83	241
69.9850029999986	203.18	97.56	247
70.0374100000039	203.16	89.51	252
70.0900610000044	203.15	81.38	255
70.1411620000005	203.13	73.31	255
70.1929780000001	203.12	65.42	255
70.2442529999986	203.11	57.57	255
70.2969350000024	203.2	49.87	255
70.3480219999999	203.18	42.73	255
70.4007590000033	203.26	36.49	255
70.4521090000048	203.33	31.16	255
70.5038060000017	203.4	26.61	255
70.5560209999979	203.46	22.73	255
70.6071920000017	203.51	19.41	255
70.6596090000048	203.56	16.57	255
70.7109310000017	203.61	14.15	255
70.763123999998	203.65	12.09	255
70.8140380000025	203.58	10.32	255
70.8668859999999	203.62	8.82	255
70.9181200000048	203.56	7.53	255
70.9694930000007	203.6	6.43	255
71.021936999999	203.54	5.49	255
71.0731040000021	203.59	4.69	255
71.1257040000036	203.63	4	255
71.1763350000009	203.67	3.42	255
71.2286110000014	203.6	2.92	255
71.2798530000001	203.64	2.49	255
71.3315020000041	203.68	2.13	255
71.3841700000018	203.71	1.82	255
71.4354680000022	203.74	1.55	255
71.4882770000026	203.76	1.33	255
71.5390319999978	203.69	1.13	255
71.5902639999986	203.72	0.97	255
71.6430060000047	203.75	0.83	255
71.6941780000031	203.77	0.71	255
71.745637000002	203.8	0.6	255
71.7978779999986	203.82	0.8	255
71.8490480000004	203.83	0.96	255
71.9016569999978	203.85	0.82	255
71.9528669999987	203.87	0.7	255
72.005137000002	203.78	0.6	255
72.0565549999997	203.7	0.51	255
72.1078409999981	203.73	0.44	255
72.1602800000012	203.76	0.37	255
72.2116469999999	203.78	0.32	255
72.262951000005	203.8	0.27	255
72.3156560000032	203.82	0.23	255
72.3671040000021	203.84	0.2	255
72.4186410000026	203.86	0.17	255
72.4709280000031	203.87	0.15	255
72.5227370000035	203.78	0.12	255
72.5738530000001	203.81	0.11	255
72.6260300000012	203.83	0.09	255
72.6772880000025	203.84	0.08	255
72.7294629999995	203.86	0.07	255
72.7812660000026	203.87	0.06	255
72.833201000005	203.89	0.05	255
72.8850469999984	203.9	0.04	255
72.9358470000029	203.81	0.04	255
72.9877260000035	203.83	0.03	255
73.0392190000042	203.74	0.03	255
73.0917880000025	203.77	0.02	255
73.1430240000039	203.69	0.02	255
73.1953339999989	203.72	0.02	255
73.246637000002	203.65	0.01	255
73.2985860000029	203.69	0.29	255
73.3505420000032	203.62	8.87	255
73.4020270000026	203.56	32.07	161
73.4547210000008	203.5	62.74	74
73.5067590000033	203.45	92.26	70
73.5598590000048	203.4	116.79	106
73.611876000002	203.36	136	148
73.6645659999996	203.43	152.4	168
73.7164690000042	203.39	168.68	160
73.769263000004	203.35	184.85	154
73.8217829999998	203.31	199.59	160
73.8737349999994	203.28	212.62	169
73.9253519999981	203.25	224.03	179
73.9781920000017	203.23	233.8	189
74.0312030000016	203.2	242.13	197
74.0840170000046	203.18	249.35	203
74.1360860000029	203.17	255.64	208
74.1895150000006	203.15	260.92	213
74.2402040000036	203.13	265.38	217
74.2928690000027	203.12	269.29	219
74.3459420000017	203.11	272.56	221
74.3984479999989	203.1	275.32	223
74.4504940000027	203.09	277.76	223
74.5026939999983	203.08	279.84	223
74.5553390000016	203.07	281.62	223
74.6082060000002	203.06	283.14	223
74.6610930000022	203.06	284.44	222
74.7131359999999	203.05	285.59	221
74.7660490000024	203.05	286.5	221
74.8182840000019	203.04	287.25	220
74.8701209999993	203.04	287.99	217
74.9232459999993	203.03	288.54	216
74.9751160000041	203.03	289.01	215
75.0279519999996	203.03	289.42	213
75.0803540000021	203.02	289.77	211
75.1328550000042	203.02	290.06	209
75.1862749999985	203.02	290.31	207
75.241876000002	203.02	290.62	204
75.2932719999999	203.02	290.76	203
75.3424849999994	203.01	290.87	201
75.3954739999995	203.01	291.04	198
75.4471630000025	203.01	291.19	196
75.5013320000023	203.01	291.33	194
75.5758480000049	203.01	291.43	192
75.6350820000023	203.01	291.55	189
75.6895230000019	203.01	291.59	188
75.7481040000021	203.01	291.59	186
75.8023360000029	203.01	291.59	184
75.8606530000046	203.01	291.58	181
75.9138370000049	203.01	291.57	179
75.9632080000043	203	291.59	177
76.0165469999984	203	291.61	174
76.0621939999983	203	291.64	172
76.1049439999983	203	291.67	169
76.1538709999993	203	291.65	168
76.2027599999979	203	291.75	164
76.253012000002	203	291.76	163
76.3030219999999	203	291.75	161
76.3520680000037	203	291.74	158
76.4024299999997	203	291.73	156
76.4500839999989	203	291.74	153
76.498824000001	203	291.75	151
76.5665989999995	203	291.76	149
76.6288220000043	203	291.76	147
76.6749290000051	203	291.76	144
76.7194030000046	203	291.76	142
76.7623900000006	203	291.75	140
76.811387000002	203	291.72	138
76.8634940000027	203	291.7	135
76.9154659999981	203	291.58	134
76.9687800000012	203	291.56	131
77.022013000004	203	291.53	128
77.0739430000037	203	291.51	126
77.1262719999999	203	291.08	128
77.184623999998	203	289.98	133
77.2362290000021	203	289.11	129
77.283061999999	203.1	288.95	121
77.3394230000004	203.09	288.64	119
77.3901530000046	203.08	286.93	131
77.4398449999988	203.07	284.64	136
77.4923330000043	203.07	283.53	123
77.5445520000011	203.06	283.09	115
77.5968030000031	203.05	281.66	123
77.6493210000023	203.05	278.52	139
77.7020319999978	203.04	275.34	139
77.7535729999989	203.04	274.54	115
77.8068170000017	203.03	274.96	101
77.8581469999999	203.03	274.19	111
77.9114340000004	203.03	271.76	126
77.964189000003	203.03	267.74	142
78.016137000002	203.02	264.3	136
78.0689890000001	203.02	264.13	103
78.1204629999995	203.02	265.66	85
78.1732230000049	203.02	265.9	95
78.2249570000023	203.02	264.19	113
78.277388000004	203.01	260.99	128
78.3297899999991	203.01	258.4	122
78.3822910000011	203.01	257.76	102
78.4355799999982	203.01	257.14	100
78.4886710000038	203.01	254.78	117
78.5391190000027	203.01	250.86	133
78.5914189999998	203.01	248.08	122
78.6441349999979	203.01	248.05	94
78.6970439999998	203.11	248.03	94
78.7494090000018	203.1	246.25	110
78.8013210000023	203.09	242.93	125
78.853876000002	203.08	238.42	138
78.9060469999984	203.07	235.54	123
78.9589530000016	203.06	236	90
79.0101120000035	203.06	236.81	85
79.0620920000002	203.05	235.73	103
79.1146010000035	203.05	233.11	118
79.166862999998	203.04	229.17	132
79.2191810000017	203.14	226.82	119
79.2716539999992	203.12	228.14	81
79.3237290000021	203.11	229.81	76
79.3761640000045	203.2	229.48	96
79.4294470000043	203.18	227.4	112
79.4809120000005	203.16	224.04	125
79.5329219999984	203.15	219.49	139
79.5860570000037	203.13	216.9	121
79.6380689999983	203.12	218.68	78
79.6904930000007	203.11	221.13	69
79.7419940000027	203.1	221.45	89
79.7942480000034	203.09	219.8	109
79.8466679999977	203.08	216.72	124
79.8991719999984	203.07	212.65	135
79.9506560000032	203.06	210.74	115
80.0029450000003	203.06	213.13	72
80.0551010000035	203.05	216.02	65
80.1080429999977	203.05	216.73	86
80.1599400000051	203.04	215.66	103
80.2120230000019	203.04	213.06	119
80.2649589999989	203.03	209.16	133
80.3170820000023	203.03	207.39	113
80.3689659999982	203.03	210.16	68
80.4212040000036	203.02	213.48	61
80.4732990000024	203.02	214.4	83
80.5256600000039	203.02	213.52	101
80.578012000002	203.02	211.2	116
80.6305830000043	203.02	207.4	132
80.6828240000009	203.01	205.85	111
80.7353559999987	203.01	208.83	65
80.7876759999991	203.01	212.19	60
80.8396710000038	203.01	213.43	79
80.891689000003	203.01	212.7	98
80.9439329999983	203.01	210.39	115
80.9962440000027	203.01	206.89	128
81.0476620000005	203.11	205.46	109
81.0999760000035	203.1	208.39	65
81.1523559999987	203.09	211.85	58
81.2050410000011	203.08	213.11	78
81.2575830000043	203.07	212.41	97
81.3091270000041	203.06	210.17	113
81.3614130000025	203.06	206.55	128
81.4137360000014	203.15	205.13	108
81.4660050000027	203.14	208.21	62
81.5187780000046	203.12	211.67	57
81.5710429999977	203.11	212.98	76
81.6233859999999	203.1	212.31	96
81.6750890000015	203.09	210.05	112
81.7269069999978	203.08	206.45	126
81.7792480000034	203.07	201.68	140
81.8320850000009	203.07	199.72	114
81.8846510000005	203.06	202.78	64
81.9361180000007	203.15	206.47	57
81.9891440000012	203.14	207.98	76
82.0405240000039	203.12	207.49	96
82.0930060000047	203.11	205.3	113
82.1451270000041	203.1	201.84	127
82.1976099999994	203.09	197.34	140
82.2500260000005	203.08	195.48	115
82.3014600000009	203.07	198.87	63
82.3538680000007	203.07	203	54
82.4063540000021	203.06	204.84	75
82.4577859999984	203.05	204.64	95
82.5102540000007	203.05	202.69	113
82.562686999999	203.04	199.59	125
82.6152140000015	203.14	195.26	141
82.667627000004	203.12	193.55	115
82.7200040000007	203.11	197.21	62
82.7718379999995	203.1	201.61	53
82.8244780000001	203.09	203.45	76
82.8759560000002	203.08	203.33	95
82.928575000003	203.07	201.71	111
82.981013000004	203.07	198.65	126
83.0327459999993	203.06	194.34	141
83.0862459999993	203.05	192.76	115
83.1369739999995	203.15	196.46	64
83.1900179999992	203.13	200.89	54
83.2411770000011	203.12	202.85	76
83.2934940000027	203.21	202.81	97
83.3461359999999	203.19	201.24	111
83.3977210000008	203.17	198.22	127
83.4500050000027	203.15	193.97	141
83.5022859999984	203.14	192.44	116
83.5544329999983	203.12	196.28	63
83.606938000001	203.11	200.81	54
83.6595680000037	203.1	202.9	76
83.7109549999982	203.09	202.87	97
83.7640530000031	203.18	201.18	115
83.8162230000049	203.16	198.15	128
83.8682859999984	203.15	197.37	107
83.9203460000008	203.13	201.29	60
83.9733020000011	203.12	205.61	54
84.0251730000004	203.11	207.5	76
84.0777030000016	203.1	207.46	94
84.1293530000001	203.19	205.77	112
84.1816140000001	203.17	202.63	127
84.2337089999989	203.15	198.4	139
84.2884750000015	203.14	196.77	115
84.338125	203.12	200.23	65
84.3915	203.11	204.3	57
84.4435109999999	203.1	205.99	79
84.4951939999983	203.09	205.89	96
84.5480530000031	203.18	204.03	115
84.600252000004	203.16	200.75	129
84.6520820000023	203.15	199.78	107
84.7049030000046	203.13	203.41	61
84.7569849999994	203.12	207.56	54
84.8092690000013	203.11	209.32	76
84.8605579999983	203.1	209.04	96
84.9127910000011	203.09	207.14	112
84.9650650000051	203.08	203.84	127
85.0176510000005	203.07	199.34	141
85.0700560000017	203.06	197.6	116
85.1222760000005	203.06	201	65
85.1746600000039	203.05	204.89	58
85.2261579999998	203.05	206.51	79
85.278450000003	203.04	206.34	96
85.3310200000033	203.04	204.41	114
85.3832740000039	203.03	201.07	129
85.4364720000029	203.03	200.14	107
85.4880190000012	203.03	203.8	61
85.5404280000031	203.02	207.79	55
85.5918900000006	203.02	209.44	77
85.6442650000006	203.02	209.17	95
85.6967550000027	203.12	207.27	113
85.7489750000015	203.21	203.96	128
85.8010029999986	203.19	202.8	107
85.85325	203.17	206.25	61
85.9055439999998	203.15	210.14	54
85.9578709999993	203.14	211.54	77
86.0100670000017	203.12	211.07	95
86.0625920000002	203.11	209.02	111
86.1142250000015	203.1	205.58	126
86.166373999998	203.09	201.19	138
86.2184240000024	203.08	199.29	115
86.2710769999996	203.07	202.41	65
86.3228980000019	203.06	206.29	56
86.3752580000013	203.06	207.83	77
86.428087000005	203.05	207.49	96
86.4802789999992	203.05	205.56	112
86.5318660000041	203.04	202.24	127
86.5842880000025	203.04	197.68	141
86.6367960000038	203.03	195.9	116
86.6891820000038	203.03	199.38	63
86.7409959999993	203.03	203.48	55
86.7935420000032	203.03	205.2	77
86.8449910000041	203.02	205.11	95
86.8972730000019	203.02	203.36	111
86.9502030000016	203.02	200.03	128
87.0022890000045	203.02	199.14	106
87.054751000002	203.01	202.96	58
87.1058339999989	203.01	207.05	53
87.1584060000032	203.01	208.81	75
87.2108390000016	203.01	208.64	93
87.2626099999994	203.01	206.83	110
87.3153660000041	203.01	203.6	125
87.367623999998	203.01	199.26	138
87.4198440000042	203.01	197.64	113
87.4714800000042	203.11	201.01	64
87.5250940000042	203.2	204.97	57
87.5760340000019	203.18	206.69	76
87.6287290000022	203.26	206.4	97
87.6810860000029	203.23	204.47	112
87.7322850000039	203.21	201.26	126
87.7856640000045	203.19	196.85	140
87.837375	203.27	195.18	116
87.8902280000001	203.24	198.76	63
87.9416799999997	203.32	202.93	56
87.993950000003	203.29	204.74	77
88.0456359999999	203.26	204.62	95
88.0979769999981	203.23	202.85	112
88.1504320000038	203.21	199.65	127
88.2021820000038	203.19	195.33	141
88.2550949999988	203.17	193.87	114
88.3067140000015	203.15	197.52	63
88.3596939999983	203.14	201.73	56
88.4120980000049	203.12	203.75	76
88.4637250000015	203.11	203.71	96
88.5161010000035	203.1	202.01	112
88.5685650000051	203.09	199	127
88.6207819999978	203.18	194.78	142
88.6728929999992	203.26	193.28	117
88.7249710000008	203.24	196.88	65
88.7771930000037	203.21	201.32	55
88.8294420000017	203.19	203.44	76
88.8817190000042	203.17	203.34	97
88.9342660000026	203.16	201.7	113
88.9859690000042	203.14	198.74	127
89.0376349999979	203.13	194.56	141
89.0902199999988	203.21	193.09	117
89.1429320000038	203.19	196.71	65
89.1950150000006	203.17	201.17	55
89.2471670000032	203.16	203.31	76
89.2987269999981	203.14	203.35	97
89.3518559999987	203.13	201.72	114
89.4042430000007	203.11	198.65	129
89.4555560000017	203.1	197.85	108
89.5079439999983	203.09	201.74	61
89.5601630000025	203.08	206.02	55
89.6127719999999	203.07	207.92	77
89.6648530000001	203.07	207.84	96
89.7172870000005	203.06	206.1	112
89.7691230000034	203.05	202.95	128
89.821013000004	203.15	201.94	109
89.8737939999998	203.13	205.39	63
89.9253620000035	203.12	209.29	56
89.9780200000033	203.11	210.92	77
90.0309769999981	203.1	210.66	95
90.0824439999983	203.09	208.78	112
90.1347890000045	203.08	205.5	127
90.1880410000011	203.07	201.03	141
90.23925	203.06	199.18	116
90.2920989999995	203.06	202.32	67
90.3438840000033	203.05	206.21	58
90.396502000004	203.05	207.86	78
90.4478959999979	203.04	207.39	99
90.5000560000017	203.04	205.32	115
90.552436999999	203.03	202.1	128
90.6049820000008	203.03	201.06	107
90.6573640000001	203.03	204.48	63
90.7095460000038	203.02	208.48	55
90.7618090000004	203.02	210.15	76
90.8141300000027	203.02	209.77	96
90.8665469999984	203.02	207.89	111
90.9185270000026	203.02	204.61	126
90.9707690000013	203.01	200.11	140
91.0228150000051	203.01	198.34	115
91.0748530000001	203.11	201.71	65
91.1268519999981	203.1	205.75	55
91.1790069999993	203.09	207.43	77
91.2313690000027	203.08	207.04	97
91.2838090000004	203.07	205.02	114
91.336189000003	203.07	201.86	127
91.3889210000038	203.06	197.61	139
91.4401939999983	203.05	195.93	115
91.4932170000002	203.05	199.39	65
91.5460980000049	203.04	203.47	56
91.5971510000005	203.04	205.29	77
91.6492150000036	203.04	205.18	96
91.7017349999994	203.03	203.32	114
91.7539890000001	203.03	200.14	128
91.8067639999986	203.03	199.26	106
91.8579010000005	203.02	202.97	60
91.9105460000038	203.02	207.19	53
91.9630960000008	203.12	209.02	76
92.015189000003	203.21	208.81	96
92.0676450000033	203.19	206.97	111
92.1199680000022	203.17	203.82	125
92.171126000002	203.15	199.57	138
92.2235160000026	203.14	197.79	115
92.2758020000011	203.12	201.12	65
92.3290600000024	203.11	205.24	55
92.3802030000016	203.1	206.99	77
92.4327880000025	203.09	206.77	96
92.486627000004	203.08	204.93	112
92.5370249999985	203.17	201.68	128
92.5902780000046	203.15	200.72	106
92.6416359999999	203.14	204.33	60
92.6937709999979	203.13	208.35	54
92.7459629999995	203.11	210.02	76
92.7984980000034	203.1	209.79	94
92.8509020000026	203.09	207.93	110
92.9024069999978	203.08	204.66	125
92.9546590000019	203.07	200.31	138
93.0070940000042	203.07	198.41	116
93.0595200000033	203.06	201.65	65
93.1115490000024	203.05	205.64	55
93.1640380000025	203.05	207.38	76
93.2163310000002	203.04	207.09	96
93.2686440000012	203.04	205.18	112
93.3208770000041	203.04	201.99	126
93.3722320000008	203.03	197.6	140
93.4246300000027	203.03	195.94	115
93.4771090000048	203.03	199.43	64
93.5293370000049	203.02	203.52	56
93.5819650000036	203.12	205.33	78
93.634251000002	203.11	205.21	95
93.6867110000029	203.2	203.44	113
93.7389930000007	203.18	200.36	126
93.7902890000045	203.16	196.19	139
93.8428849999979	203.14	194.61	115
93.8955850000009	203.13	198.12	64
93.9477129999995	203.22	202.49	55
93.9994930000007	203.2	204.46	76
94.0520670000017	203.18	204.48	95
94.1041420000046	203.16	202.82	112
94.1566429999992	203.14	199.74	127
94.2080480000004	203.13	195.56	140
94.260498999998	203.12	193.94	116
94.3126180000007	203.1	197.56	64
94.3646349999979	203.09	202.02	54
94.4170590000004	203.08	204.04	76
94.4691670000032	203.08	204	96
94.5210340000018	203.07	202.33	113
94.5741450000033	203.06	199.35	127
94.626125	203.06	195.21	140
94.6782320000008	203.05	193.65	117
94.730436999999	203.04	197.3	65
94.7828090000004	203.04	201.79	54
94.835123999998	203.04	203.97	76
94.8875720000044	203.03	204.06	96
94.9395450000018	203.13	202.36	115
94.991925999999	203.12	199.33	128
95.0445659999996	203.1	198.55	107
95.096212000005	203.09	202.45	60
95.1480420000032	203.08	206.75	54
95.2004420000017	203.08	208.65	76
95.2533640000001	203.07	208.59	95
95.3050940000042	203.06	206.88	111
95.3570769999996	203.06	203.74	127
95.4094919999987	203.05	199.5	139
95.4621790000051	203.05	197.97	114
95.5140949999988	203.04	201.29	66
95.5657800000012	203.04	205.35	57
95.6189890000001	203.03	207.16	77
95.6708730000034	203.03	206.93	97
95.7231930000037	203.03	205.08	114
95.7746070000008	203.12	201.8	130
95.827575000003	203.11	200.85	107
95.8799179999977	203.1	204.45	61
95.9322850000039	203.09	208.45	55
95.9838510000035	203.08	210.24	76
96.036251000002	203.07	209.97	95
96.0892660000026	203.07	208.05	112
96.1409730000049	203.06	204.9	126
96.1932470000014	203.05	200.53	139
96.244814000003	203.05	198.75	116
96.297699000001	203.04	202	65
96.3494079999998	203.04	205.99	56
96.4011930000037	203.03	207.71	77
96.4544659999981	203.03	207.39	97
96.506612999998	203.03	205.46	113
96.5581349999979	203.03	202.13	128
96.6107609999999	203.02	201.08	107
96.6626010000035	203.02	204.72	60
96.7150830000043	203.02	208.7	55
96.7678100000024	203.02	210.32	76
96.8192749999985	203.02	210.15	93
96.8723220000043	203.01	208.33	110
96.9239710000008	203.01	205.09	125
96.9766979999989	203.01	200.66	139
97.0281420000046	203.01	198.86	115
97.0812129999995	203.01	202.07	65
97.1329890000001	203.01	206.01	56
97.1852230000049	203.01	207.71	77
97.2377840000019	203.01	207.39	96
97.2901530000046	203.01	205.47	112
97.3416950000003	203.01	202.14	128
97.3941209999993	203	201.1	106
97.4469200000018	203	204.65	60
97.4989629999995	203.1	208.63	55
97.5505500000045	203.09	210.28	75
97.603001000002	203.08	210.03	93
97.6553859999999	203.08	208.16	110
97.7078060000017	203.07	204.86	125
97.7589970000014	203.06	200.58	137
97.8121499999985	203.06	198.89	113
97.8640820000023	203.05	202.15	64
97.9161730000004	203.04	206.08	55
97.9686059999987	203.04	207.69	76
98.0207129999995	203.04	207.39	95
98.0729670000002	203.03	205.46	112
98.1250879999995	203.03	202.13	127
98.1769659999981	203.03	197.74	139
98.2298620000035	203.02	196.08	114
98.2813530000001	203.02	199.53	63
98.3344650000036	203.02	203.61	55
98.387938000001	203.02	205.43	76
98.4377700000033	203.02	205.32	94
98.4909820000008	203.01	203.44	112
98.5431099999994	203.11	200.25	128
98.5957170000002	203.1	199.34	105
98.6469340000004	203.09	203.11	58
98.6993320000023	203.08	207.31	52
98.7516750000045	203.07	209.14	74
98.8040830000043	203.07	209.02	92
98.8562870000005	203.16	207.14	111
98.9087470000014	203.14	204	124
98.961075000003	203.13	199.74	137
99.0135240000039	203.12	197.92	114
99.0647789999992	203.1	201.23	63
99.1170909999982	203.09	205.4	53
99.1697609999999	203.08	207.19	75
99.221925999999	203.08	206.95	94
99.2739950000048	203.07	205.09	111
99.3265600000024	203.06	201.82	126
99.3779140000045	203.06	197.48	139
99.430126000002	203.05	195.87	113
99.4827070000023	203.05	199.38	63
99.5350439999998	203.04	203.6	54
99.5878580000028	203.04	205.4	76
99.6391469999999	203.03	205.28	94
99.6919670000002	203.13	203.51	112
99.7433170000017	203.22	200.31	128
99.7956349999979	203.19	199.4	105
99.8486340000033	203.18	203.2	58
99.9010319999978	203.16	207.4	52
99.953123999998	203.14	209.19	74
100.005636	203.13	209.05	92
100.057837000005	203.12	207.15	110
100.109011	203.1	203.97	124
100.161458999999	203.09	199.7	137
100.214107000001	203.08	197.9	114
100.266442000002	203.08	201.22	63
100.318857000001	203.07	205.34	53
100.370120999999	203.06	207.08	75
100.422743000001	203.06	206.74	95
100.475207000002	203.05	204.77	112
100.526550999999	203.04	201.53	126
100.578942000002	203.04	197.08	140
100.631229000002	203.04	195.38	115
100.68325	203.03	198.94	62
100.735968000002	203.03	203.09	54
100.788273000002	203.03	204.97	75
100.839766000003	203.02	204.91	94
100.892707000002	203.12	203.08	113
100.945009000003	203.11	199.98	126
100.996248999998	203.2	195.77	140
101.04957	203.18	194.13	115
101.100842	203.16	197.71	63
101.153245000005	203.24	202.14	54
101.205762000002	203.22	204.16	75
101.258127999999	203.2	204.23	94
101.310734000005	203.18	202.59	111
101.362088	203.16	199.55	126
101.414744000003	203.14	195.4	139
101.467837000005	203.13	193.8	115
101.519593000002	203.12	197.41	64
101.571644000001	203.21	201.88	54
101.624012000002	203.18	203.95	75
101.675105000004	203.17	204.04	94
101.7275	203.15	202.45	111
101.779866999999	203.23	199.27	129
101.832270999998	203.21	198.49	106
101.885006999999	203.19	202.39	59
101.936800999999	203.17	206.58	54
101.989137000002	203.15	208.4	75
102.041291000001	203.14	208.25	94
102.093413000002	203.22	206.45	112
102.147079000004	203.3	203.21	127
102.197870999999	203.27	198.77	140
102.250228	203.34	196.99	117
102.303002999999	203.31	200.33	65
102.355074000001	203.28	204.12	59
102.406895999998	203.25	205.16	85
102.459031000003	203.33	203.69	111
102.511561999999	203.29	199.94	133
102.563016000003	203.26	197.85	119
102.615557000004	203.24	200.2	75
102.668199000001	203.21	202.76	71
102.720186999999	203.19	202.34	100
102.771682000004	203.27	199.17	130
102.824134000003	203.25	197.47	115
102.876381999999	203.22	200.17	72
102.929364	203.2	202.98	69
102.981493000001	203.18	202.65	100
103.033546999998	203.16	199.75	126
103.08482	203.15	195.01	146
103.137140000001	203.13	192.79	123
103.189256000005	203.12	196.04	70
103.242193000004	203.11	200.15	59
103.294600000001	203.1	201.76	82
103.345976000004	203.09	201.06	105
103.39857	203.08	198.07	129
103.450663000003	203.07	196.37	117
103.503756000005	203.06	198.94	75
103.555537	203.06	201.54	73
103.608115000002	203.05	201.02	104
103.659528000005	203.05	197.77	132
103.712005000003	203.04	196.12	118
103.764057000004	203.04	199.02	72
103.816864	203.13	201.92	72
103.868843000002	203.12	201.75	101
103.920677000001	203.11	199.33	123
103.972818000004	203.1	195.18	143
104.025077	203.09	193.49	120
104.076954000004	203.08	197.06	68
104.129397	203.07	201.21	60
104.181197999999	203.06	202.85	83
104.234240000002	203.16	202.28	106
104.286805	203.14	199.56	127
104.337877999999	203.13	194.58	152
104.390171000004	203.11	191.84	132
104.442791000001	203.1	196.21	61
104.495210000001	203.19	203.96	26
104.547208999999	203.17	209.32	45
104.599733000003	203.16	211	79
104.651991999999	203.14	209.65	109
104.704565000005	203.13	205.95	133
104.755936000004	203.11	203.92	118
104.808759000003	203.1	206.25	75
104.860092	203.09	209.08	69
104.912730000004	203.18	209.56	92
104.965120999999	203.16	208.13	110
105.017704999998	203.15	205.34	124
105.069068999998	203.13	201.29	139
105.121568000004	203.12	199.55	117
105.174370000005	203.11	202.63	69
105.225815000005	203.1	206.08	64
105.278446000002	203.09	206.98	88
105.331094000004	203.08	205.79	109
105.383189000003	203.07	202.67	129
105.435682000004	203.06	201.4	112
105.486998000003	203.06	204.6	67
105.540013999999	203.05	208.17	62
105.592065000005	203.05	209.01	87
105.643884000003	203.04	207.66	109
105.696001000002	203.04	204.69	126
105.748381000005	203.03	200.2	143
105.801202	203.03	198.2	120
105.852807999998	203.13	201.34	70
105.905254000001	203.11	204.99	62
105.957843000002	203.1	205.9	88
106.009053000003	203.09	204.45	112
106.061756999999	203.08	200.97	133
106.114278999999	203.08	199.27	117
106.165804000005	203.07	201.85	74
106.218908	203.06	204.17	75
106.271236000001	203.15	203.39	107
106.32368	203.24	200.04	133
106.375799000002	203.32	198.03	121
106.427892000005	203.28	200.07	80
106.479109999999	203.36	201.8	84
106.531193000004	203.32	200.29	115
106.584851000004	203.39	195.92	146
106.636351000004	203.35	193.12	131
106.688054000005	203.31	197.13	64
106.740938000001	203.28	204.46	28
106.793528999999	203.25	209.19	51
106.844928000003	203.23	210.13	86
106.897748000003	203.31	208.03	118
106.949262000002	203.28	203.48	143
107.002101999998	203.25	200.44	129
107.053703000002	203.22	203.8	66
107.106495000005	203.2	210.56	30
107.159083999999	203.18	214.85	51
107.210428000003	203.16	215.32	87
107.263074000001	203.15	212.77	118
107.315033	203.23	207.91	143
107.367623999998	203.21	204.74	127
107.420397	203.19	205.94	85
107.472138999999	203.17	207.09	84
107.523778000005	203.15	205.05	116
107.577009000003	203.14	200.52	142
107.628917999998	203.12	197.65	128
107.680789999999	203.11	201.16	65
107.733917999998	203.1	208.16	28
107.785640000001	203.09	212.78	48
107.837767000005	203.08	213.66	83
107.890266000003	203.07	211.35	115
107.941664999999	203.07	206.32	144
107.994090999998	203.06	202.87	130
108.046691	203.05	205.9	66
108.099120000005	203.05	212.09	32
108.151219999999	203.04	215.85	54
108.203914999999	203.04	216	88
108.254833999999	203.03	213.21	117
108.307620999999	203.03	208.04	143
108.360586000003	203.03	204.6	128
108.411848000005	203.03	208.05	60
108.465178000003	203.02	215.16	20
108.517274999999	203.02	220.82	31
108.569957000002	203.12	223.85	56
108.621752999999	203.11	224.53	76
108.673332000002	203.1	223.43	93
108.725476999998	203.09	220.81	109
108.777592	203.08	217.02	122
108.829891000003	203.07	212.11	135
108.882267999999	203.06	209.59	113
108.934936999999	203.06	211.99	64
108.987685000002	203.05	215.15	55
109.038993000001	203.05	216.1	75
109.091155000001	203.04	215.12	94
109.143682999998	203.04	212.62	110
109.195509999998	203.03	208.92	123
109.248467	203.03	204.21	135
109.300682999998	203.03	202.16	110
109.353229000002	203.12	205.11	62
109.405717	203.21	208.73	53
109.457443999998	203.19	210.18	72
109.509888999999	203.17	209.76	90
109.562142000005	203.15	207.73	107
109.614452	203.14	204.33	121
109.665925999999	203.13	199.89	134
109.718078000002	203.11	198.18	108
109.771354000002	203.1	201.46	59
109.822554000005	203.19	205.51	50
109.875088	203.17	207.3	70
109.927629000001	203.15	207.18	88
109.979910000004	203.14	205.43	105
110.032240000002	203.13	202.36	119
110.083739	203.11	198.18	132
110.136587000005	203.1	196.61	108
110.189120999999	203.09	200.15	57
110.240818999998	203.08	204.39	48
110.292335000001	203.07	206.35	69
110.344804000005	203.07	206.24	89
110.397504000001	203.06	204.59	105
110.449446000002	203.05	201.64	119
110.501307999998	203.05	197.45	133
110.553973999999	203.04	195.84	109
110.605864	203.04	199.46	57
110.659248999998	203.04	203.89	47
110.711083999999	203.03	205.9	69
110.763566	203.13	205.85	90
110.814895000003	203.12	204.25	104
110.869042999998	203.1	201.34	119
110.919252000004	203.09	197.18	133
110.972395999998	203.08	195.73	108
111.024484999999	203.08	199.36	57
111.076557999998	203.07	203.7	48
111.128598999999	203.06	205.75	69
111.180774000004	203.06	205.71	89
111.233626000002	203.15	204.05	107
111.285112999998	203.13	201.06	120
111.337086000003	203.22	196.95	134
111.390281999998	203.2	195.55	108
111.442114	203.18	199.22	57
111.494191	203.16	203.58	48
111.546723999999	203.15	205.63	69
111.598605000004	203.23	205.61	90
111.651006999999	203.21	203.93	106
111.703778999999	203.19	200.93	120
111.755100000001	203.17	196.95	132
111.808147	203.15	195.53	108
111.859712000005	203.14	199.19	58
111.91232	203.12	203.57	48
111.964708000004	203.11	205.56	70
112.016817000002	203.1	205.59	89
112.068550000004	203.09	204.06	105
112.121188000001	203.08	201.17	119
112.172762000002	203.07	197.04	134
112.270664000005	203.07	195.49	110
112.330732000001	203.16	199.16	59
112.375263000004	203.14	203.66	48
112.418708000004	203.13	205.72	70
112.459548	203.12	205.7	90
112.504202	203.1	204.14	106
112.548414999999	203.09	201.26	120
112.591940000005	203.18	197.13	135
112.643362000003	203.17	195.72	109
112.697281000003	203.15	199.36	58
112.748130000003	203.23	203.68	51
112.80043	203.31	205.76	71
112.852645999998	203.28	205.76	90
112.904388999999	203.25	204.2	106
112.956662	203.23	201.31	120
113.008625	203.2	197.18	134
113.061868000001	203.18	195.62	110
113.113082000002	203.17	199.29	59
113.165432999998	203.15	203.76	49
113.217645999998	203.13	205.8	71
113.269891000003	203.22	205.76	92
113.322223000005	203.2	204.07	108
113.374445	203.18	201.06	122
113.426905000001	203.16	197.06	133
113.478241000004	203.14	195.62	110
113.531138000004	203.23	199.27	60
113.583702	203.31	203.66	51
113.635436999999	203.28	205.63	72
113.687578000002	203.25	205.74	90
113.739605999999	203.32	204.18	108
113.791846000001	203.29	201.2	122
113.843859999999	203.26	197.1	135
113.896715999998	203.24	195.68	110
113.949079000004	203.21	199.44	58
114.001090999998	203.29	203.76	52
114.053442000002	203.26	205.72	72
114.105568000004	203.24	205.85	90
114.157614	203.31	204.26	108
114.209609000005	203.28	201.27	122
114.261991999999	203.35	197.16	136
114.313671999998	203.32	195.73	110
114.366910000004	203.29	199.36	60
114.418145999998	203.26	203.67	51
114.47057	203.23	205.59	73
114.523473999999	203.21	205.43	93
114.575681000002	203.19	203.62	110
114.636800999999	203.17	200.12	128
114.686873999998	203.15	198.91	107
114.732078000002	203.14	202.3	61
114.784905000001	203.12	205.92	57
114.847348999999	203.11	207.06	80
114.903711000003	203.1	205.85	103
114.960278000005	203.09	202.46	126
115.013283	203.08	197.44	144
115.062767999999	203.07	194.69	124
115.109478	203.07	196.93	75
115.158436999999	203.16	199.39	72
115.206961000003	203.14	198.74	102
115.254888000004	203.13	195.79	126
115.306692000002	203.12	190.75	149
115.358892999999	203.2	188.02	129
115.411432999998	203.18	192.75	54
115.463859000005	203.17	201.11	15
115.516278999999	203.25	207.16	35
115.568359999999	203.22	209.68	67
115.620508000001	203.3	208.95	99
115.673376000002	203.37	205.53	127
115.725078000002	203.33	200.07	148
115.779976999998	203.3	196.81	129
115.829079999998	203.27	200.45	61
115.881914000005	203.24	207.59	24
115.933450000003	203.22	212.41	43
115.986517000005	203.2	213.62	77
116.047368000001	203.18	211.73	108
116.094083000004	203.16	207.2	135
116.143163000003	203.14	204.33	121
116.194943000004	203.13	205.86	77
116.248175000004	203.12	207.42	76
116.299065000005	203.1	205.73	108
116.351873000003	203.09	201.36	136
116.403688000001	203.08	198.88	119
116.456414999999	203.08	200.83	76
116.508145999998	203.07	202.63	77
116.560616000004	203.06	201.24	108
116.612035999998	203.06	197.27	135
116.664991999999	203.15	195.15	119
116.717031999998	203.14	197.49	74
116.769509999998	203.12	199.73	74
116.820854000002	203.21	198.77	107
116.873766000003	203.29	195.15	134
116.925737000003	203.26	193.18	119
116.978074000001	203.23	195.64	75
117.030193999998	203.21	197.89	76
117.082381000005	203.29	196.9	109
117.135327	203.26	193.4	134
117.188693000004	203.23	191.55	119
117.239162	203.21	194.12	76
117.291096000001	203.19	196.44	77
117.343024000004	203.17	195.65	108
117.395941	203.15	192.19	136
117.447579999998	203.14	190.22	122
117.500142000005	203.12	192.83	77
117.552188000001	203.11	195.34	77
117.605134000003	203.1	194.59	109
117.656929000005	203.09	191.02	139
117.70943	203.08	189.09	124
117.761704000004	203.07	191.89	77
117.814211000003	203.07	194.52	78
117.866261	203.06	193.74	111
117.918495999999	203.05	190.17	140
117.970956	203.05	188.36	125
118.022027000003	203.04	191.37	77
118.074752999999	203.04	194.19	78
118.126886	203.04	193.47	112
118.180075000003	203.03	190.09	140
118.231601999998	203.03	188.46	124
118.284395999998	203.03	191.23	81
118.335832000002	203.12	193.74	84
118.388218000002	203.11	193	114
118.439892999999	203.1	189.55	143
118.495421000004	203.09	187.81	127
118.544848000005	203.08	190.65	82
118.596281000003	203.07	193.21	84
118.651649999999	203.07	192.36	117
118.703960000001	203.06	188.95	144
118.753594999999	203.05	187.17	130
118.805762000002	203.05	191.93	65
118.857855000004	203.04	199.99	29
118.909792999998	203.04	205.37	52
118.962579999998	203.13	206.88	89
119.014336000003	203.12	205.12	121
119.067423	203.11	200.82	147
119.123105999999	203.1	198.25	132
119.171457000002	203.09	201.93	70
119.224359999999	203.08	208.56	38
119.290512000002	203.07	212.83	59
119.339851000004	203.06	213.56	92
119.382655000001	203.06	211.69	118
119.433009000003	203.05	208.14	136
119.484986000001	203.05	206.52	118
119.537020999998	203.04	209.27	74
119.589464000002	203.04	212.56	67
119.641432999998	203.03	213.72	87
119.693910999998	203.03	213.06	104
119.745951000005	203.03	210.82	120
119.798799000002	203.02	207.35	134
119.850976999998	203.02	205.96	115
119.903410000004	203.02	209.05	70
119.954718000002	203.02	212.66	63
120.007076000005	203.02	213.86	85
120.059254000001	203.01	213.34	101
120.112114	203.11	211.23	119
120.164196000002	203.1	207.73	133
120.215951000005	203.09	206.42	112
120.268810000002	203.08	209.33	70
120.320642999999	203.07	212.62	64
120.373174000002	203.17	213.78	85
120.425594999999	203.15	212.99	103
120.477736000001	203.24	210.52	121
120.529456	203.21	206.82	134
120.582079000004	203.19	205.36	113
120.634703000002	203.17	208.29	69
120.686413000003	203.15	211.87	61
120.739406000003	203.14	213.29	80
120.791572000004	203.12	212.7	100
120.843737000003	203.11	210.54	116
120.895645000003	203.2	207.01	132
120.948082000002	203.18	205.7	110
121.000256000005	203.16	208.89	65
121.052090000004	203.15	212.45	59
121.104241999999	203.13	213.8	80
121.156447999999	203.12	213.27	98
121.208443999998	203.11	211.16	114
121.260892999999	203.1	207.84	127
121.313175999999	203.09	203.32	141
121.365299000002	203.18	201.42	118
121.417952	203.16	204.52	67
121.469215999998	203.24	208.26	60
121.522270999998	203.22	209.79	79
121.574134999998	203.2	209.44	97
121.626009999998	203.18	207.47	114
121.679192000002	203.16	204.11	129
121.730754000001	203.14	202.94	108
121.783425000004	203.13	206.37	62
121.835412	203.12	210.37	54
121.887609999999	203.11	212.01	76
121.939377000004	203.09	211.64	95
121.992431000002	203.09	209.77	111
122.044192000002	203.08	206.62	124
122.097006000005	203.07	202.27	138
122.149164999999	203.06	200.49	114
122.200940000005	203.16	203.68	66
122.253066	203.14	207.54	56
122.305627999999	203.13	209.2	77
122.358	203.11	208.81	96
122.409995999999	203.1	206.8	113
122.462109999999	203.09	203.65	125
122.514583999999	203.08	199.43	138
122.566975000001	203.07	197.67	115
122.619118000001	203.07	201.02	65
122.671586000003	203.06	205.22	54
122.723971000001	203.05	207.03	76
122.775942000002	203.05	206.82	96
122.827998999998	203.04	205.09	111
122.880995000005	203.04	202.07	125
122.932344000004	203.04	197.81	139
122.984585000001	203.03	196.15	115
123.036192000002	203.13	199.72	64
123.089315000005	203.12	204.05	53
123.141248000003	203.1	206	75
123.193495000005	203.09	205.97	94
123.245942000002	203.08	204.26	111
123.298016000003	203.08	201.23	126
123.350370999999	203.07	197.2	137
123.401839000002	203.06	195.75	114
123.454114	203.06	199.38	63
123.506498000003	203.05	203.74	54
123.558859000005	203.04	205.68	76
123.611164000005	203.04	205.66	95
123.662794	203.04	203.99	112
123.717620000005	203.03	201.04	125
123.767228	203.03	196.95	139
123.820303000003	203.13	195.41	116
123.872196000002	203.11	198.98	64
123.924239	203.1	203.25	55
123.976405000001	203.09	205.32	75
124.028605999999	203.08	205.45	94
124.081178000003	203.07	203.8	112
124.133193999998	203.07	200.72	127
124.185398000002	203.06	196.64	139
124.237544	203.05	195.26	114
124.294674000002	203.15	198.87	65
124.342544	203.13	203.23	55
124.394419	203.12	205.27	76
124.446572000004	203.11	205.31	95
124.498950000003	203.2	203.69	113
124.549954999998	203.18	200.8	126
124.603579000004	203.16	196.76	139
124.655473999999	203.14	195.25	115
124.707542999998	203.13	198.96	64
124.759631000005	203.12	203.37	55
124.812105999999	203.11	205.36	77
124.863566	203.09	205.37	96
124.915711000003	203.19	203.76	113
124.96793	203.17	200.82	126
125.020108000003	203.25	196.74	141
125.072509000003	203.22	195.25	116
125.125289000005	203.3	198.94	65
125.177711000003	203.27	203.33	55
125.230229000002	203.24	205.4	76
125.281758000001	203.22	205.55	95
125.333612000003	203.2	203.9	113
125.385810000002	203.18	200.94	127
125.559899000004	203.16	196.86	140
