0.00310900000482798	100	0	0
0.252971000000834	100	0	0
0.423353000000119	100	0	0
0.473935000002384	100	0	0
0.514287000000477	100	0	0
0.560937000006437	100	0	0
0.598467000000179	100	0	0
0.642957000002265	100	0	0
0.685140000000596	100	0	0
0.723957000002265	100	0	0
0.767585000000894	100	0	0
0.809266000002623	100	0	0
0.854015000000596	100	0	0
0.892491000004113	100	0	0
0.936466000005603	100	0	0
0.975755000002682	100	0	0
1.0140150000006	100	0	0
1.05628299999982	100	0	0
1.09352800000459	100	0	0
1.13372399999946	100	0	0
1.17604200000316	100	0	0
1.22058600000292	100	0	0
1.26537600000203	100	0	0
1.30248700000346	100	0	0
1.34118100000173	100	0	0
1.38207699999958	100	0	0
1.41920600000024	100	0	0
1.46028299999982	100	0	0
1.49879399999976	100	0	0
1.53582500000298	100	0	0
1.57612700000405	100	0	0
1.61444400000572	100	0	0
1.65789900000393	100	0	0
1.69559600000083	100	0	0
1.7330700000003	100	0	0
1.77356200000644	100	0	0
1.81287700000405	100	0	0
1.85391700000316	100	0	0
1.89543600000441	100	0	0
1.93546900000423	100	0	0
1.97904399999976	100	0	0
2.02094700000435	100	0	0
2.0718030000031	100	0	0
2.11862600000203	100	0	0
2.16188900000602	100	0	0
2.20432800000161	100	0	0
2.25220500000566	100	0	0
2.29543300000578	100	0	0
2.33605000000447	100	0	0
2.37717500000447	100	0	0
2.41919600000232	100	0	0
2.46395000000298	100	0	0
2.50519200000167	100	0	0
2.54433600000292	100	0	0
2.58407600000501	100	0	0
2.6206799999997	100	0	0
2.6618560000062	100	0	0
2.70017500000447	100	0	0
2.73827900000662	100	0	0
2.78076600000262	100	15.69	0
2.81652500000596	100	39.12	0
2.85616400000453	100	46.94	0
2.89378200000524	100	48.81	0
2.93013400000334	100	44.99	0
2.9688180000037	100	46.87	0
3.00735200000554	100	44.99	0
3.0443560000062	100	46.87	0
3.08608700000495	100	44.99	0
3.12263400000334	100	44.91	0
3.16707500000298	100	46.86	0
3.21536900000274	100	44.99	0
3.25870000000298	100	44.99	0
3.30126600000262	100	44.9	0
3.34505000000447	100	46.87	0
3.38457500000298	100	44.99	0
3.42329100000113	100	44.9	0
3.46215100000054	100	46.87	0
3.50039900000393	100	44.99	0
3.5389960000068	100	44.99	0
3.5791780000031	100	44.99	0
3.61841700000316	100	44.99	0
3.6581080000028	100	44.9	0
3.69446500000358	100	46.88	0
3.73424300000072	100	44.99	0
3.77324500000477	100	46.84	0
3.81234500000626	100	44.99	0
3.85120700000226	100	44.98	0
3.89141200000048	100	44.99	0
3.93043700000644	100	44.99	0
3.97075700000674	100	46.86	0
4.01520300000161	100	44.99	0
4.05809200000018	100	44.99	0
4.1021400000006	100	44.9	0
4.14540400000662	100	46.87	0
4.18872500000149	100	44.99	0
4.24050200000405	100	44.91	0
4.28231599999964	100	46.86	0
4.32021800000221	100	44.99	0
4.36043400000036	100	44.99	0
4.39750100000203	100	44.9	0
4.44020800000429	100	46.87	0
4.4818010000065	100	44.99	0
4.52004600000381	100	44.9	0
4.56387400000542	100	44.92	0
4.60095100000501	100	46.86	0
4.6412310000062	100	44.99	0
4.68275500000268	100	44.91	0
4.71985400000215	100	46.86	0
4.76129700000584	100	44.99	0
4.8002160000056	100	44.99	0
4.8404299999997	100	44.99	0
4.88234700000286	100	43.04	0
4.92162800000608	100	44.91	0
4.96406000000238	100	46.83	0
5.00463599999994	100	44.99	0
5.05017900000513	100	44.99	0
5.08971800000221	100	43.02	0
5.12988800000399	100	44.91	0
5.17980600000173	100	44.91	0
5.2322480000034	100	44.9	0
5.27686600000411	100	44.91	0
5.31823900000006	100	44.9	0
5.36698800000548	100	44.9	0
5.40642700000107	100	44.91	0
5.4510150000006	100	44.98	0
5.49223200000077	100	44.99	0
5.53266500000656	100	44.99	0
5.57863700000197	100	43.03	0
5.61986500000209	100	44.92	0
5.66430000000447	100	44.91	0
5.70484300000221	100	44.91	0
5.75002800000459	100	44.91	0
5.79268700000644	100	44.91	0
5.83485500000417	100	44.99	0
5.88189500000328	100	44.99	0
5.91860700000078	100	44.99	0
5.95778200000525	100	44.99	0
5.99643600000441	100	43.04	0
6.03648600000143	100	44.91	0
6.07641000000387	100	44.91	0
6.11552199999988	100	46.86	0
6.15510400000215	100	44.99	0
6.19364699999988	100	43.03	0
6.23750200000405	100	44.91	0
6.27800300000608	100	44.91	0
6.31714100000262	100	44.91	0
6.35930600000173	100	44.91	0
6.39899500000477	100	44.9	0
6.43588100000471	100	45	0
6.48067300000042	100	45	0
6.51786600000411	100	45	0
6.55922000000626	100	44.91	0
6.59929200000316	100	43.04	0
6.63608400000632	100	46.82	0
6.67920300000161	100	43.03	0
6.71713599999994	100	44.91	0
6.7574430000037	100	44.9	0
6.79706000000238	100	44.91	0
6.83426600000262	100	44.91	0
6.87197100000083	100	44.9	0
6.91039100000262	100	45	0
6.95206300000101	100	44.99	0
6.98970000000298	100	44.99	0
7.02826099999994	100	43.03	0
7.06725700000674	100	44.91	0
7.10642700000107	100	44.91	0
7.14525800000131	100	44.91	0
7.18356599999964	100	46.86	0
7.22897700000554	100	44.99	0
7.26826700000465	100	43.04	0
7.31140300000459	100	44.91	0
7.35282900000364	100	44.91	0
7.39064800000191	100	44.91	0
7.4300150000006	100	44.91	0
7.46814699999988	100	44.9	0
7.50542200000584	100	45	0
7.54572600000352	100	44.99	0
7.58393600000441	100	44.99	0
7.62476000000536	100	43.03	0
7.66514400000125	100	44.91	0
7.70400200000405	100	44.91	0
7.74185500000417	100	44.91	0
7.78382900000364	100	44.91	0
7.82184000000358	100	44.9	0
7.86129100000113	100	44.91	0
7.90183200000226	100	44.9	0
7.94100600000471	100	44.91	0
7.98020900000632	100	44.99	0
8.01980600000173	100	44.99	0
8.06012900000066	100	44.99	0
8.09670000000298	100	43.03	0
8.14909899999946	100	44.91	0
8.18949600000679	100	44.91	0
8.23464500000328	100	44.9	0
8.27309300000221	100	44.92	0
8.31033900000155	100	44.9	0
8.35164699999988	100	44.91	0
8.39037800000608	100	44.9	0
8.42743400000036	100	45	0
8.4665530000031	100	45	0
8.50513800000399	100	44.97	0
8.54917500000447	100	43.03	0
8.58987800000608	100	44.92	0
8.63021299999952	100	44.91	0
8.67803100000322	100	44.91	0
8.72861300000548	100	46.86	0
8.77652700000256	100	44.99	0
8.8234810000062	100	44.99	0
8.86942200000584	100	44.99	0
8.90986300000548	100	44.99	0
8.95383500000089	100	44.91	0
8.99135400000215	100	46.86	0
9.02924000000209	100	44.99	0
9.06946900000423	100	44.99	0
9.10816000000387	100	43.04	0
9.14959300000221	100	44.91	0
9.18813800000399	100	44.91	0
9.23145800000429	100	44.91	0
9.27406400000304	100	44.91	0
9.39500800000131	100	46.86	0
9.45274400000274	100	44.99	0
9.50242200000584	100	44.99	0
9.55882699999958	100	44.99	0
9.60123200000077	100	43.03	0
9.64681500000507	100	44.91	0
9.69308700000495	100	44.91	0
9.74264900000393	100	44.91	0
9.79137600000203	100	44.9	0
9.84037600000203	100	44.91	0
9.88420199999958	100	44.99	0
9.92758700000495	100	44.99	0
9.97516000000387	100	44.99	0
10.0192440000027	100	44.99	0
10.0665100000054	100	43.04	0
10.1109230000004	100	46.79	0
10.1587450000048	100	43.03	0
10.2080520000011	100	44.91	0
10.2603460000008	100	44.9	0
10.3044050000012	100	44.92	0
10.3473660000041	100	44.91	0
10.3927200000063	100	44.9	0
10.4327660000026	100	45	0
10.4782770000026	100	44.99	0
10.5225650000051	100	44.99	0
10.5700310000032	100	43.03	0
10.6159739999995	100	44.91	0
10.6606050000042	100	44.91	0
10.7118480000049	100	44.9	0
10.7537430000007	100	44.91	0
10.797387000002	100	44.9	0
10.8413510000035	100	45	0
10.8867670000046	100	45	0
10.9312490000054	100	45	0
10.9779040000066	100	44.92	0
11.0207540000007	100	44.99	0
11.0678530000001	100	43.03	0
11.110700000003	100	44.91	0
11.1588080000058	100	44.91	0
11.2037570000067	100	44.91	0
11.2546460000053	100	44.9	0
11.296138000004	100	44.91	0
11.3404710000008	100	44.9	0
11.3840230000019	100	45	0
11.4261550000012	100	45	0
11.470525000006	100	45	0
11.5127230000049	100	43.04	0
11.5562609999999	100	44.91	0
11.6022719999999	100	44.91	0
11.6500180000067	100	44.91	0
11.6921120000035	100	44.91	0
11.7389629999995	100	44.9	0
11.783938000001	100	44.91	0
11.8318310000002	100	44.9	0
11.882701000005	100	45	0
11.9252129999995	100	45	0
11.9688450000063	100	44.96	0
12.0102670000046	100	43.04	0
12.05675	100	44.91	0
12.0992800000012	100	44.91	0
12.1427330000028	100	44.91	0
12.1864810000062	100	44.91	0
12.2424650000036	100	44.9	0
12.2869230000004	100	44.91	0
12.3299990000054	100	44.9	0
12.3742270000055	100	45	0
12.4192810000032	100	44.99	0
12.4661760000065	100	44.99	0
12.5093670000061	100	43.03	0
12.5556160000041	100	44.9	0
12.5963930000067	100	44.91	0
12.6372330000028	100	44.91	0
12.6811060000062	100	44.9	0
12.7216400000006	100	44.9	0
12.7663320000023	100	44.9	0
12.8079950000048	100	44.9	0
12.8578060000017	100	44.99	0
12.9007040000036	100	44.99	0
12.9409290000051	100	44.99	0
12.9859189999998	100	43.04	0
13.0295930000022	100	44.91	0
13.0781230000034	100	44.91	0
13.119375	100	44.91	0
13.1649260000065	100	44.91	0
13.2155530000031	100	44.9	0
13.2694280000031	100	44.91	0
13.3170050000027	100	44.9	0
13.3634370000064	100	44.99	0
13.4032120000049	100	44.99	0
13.4506590000018	100	44.96	0
13.4969550000057	100	43.04	0
13.5394840000048	100	44.91	0
13.5851760000065	100	44.91	0
13.6265570000038	100	44.91	0
13.6727820000052	100	44.91	0
13.7163820000067	100	44.9	0
13.7608350000009	100	44.9	0
13.8060200000033	100	44.91	0
13.854888000004	100	44.9	0
13.9009519999996	100	45	0
13.9447930000052	100	45	0
13.9885920000002	100	44.95	0
14.0336570000052	100	43.03	0
14.083625	100	44.91	0
14.1238630000055	100	44.91	0
14.1703430000022	100	44.91	0
14.2249840000048	100	44.91	0
14.2679530000016	100	44.9	0
14.3130320000052	100	45	0
14.355574000001	100	45	0
14.4045730000064	100	45	0
14.4501450000033	100	43.04	0
14.4944760000035	100	46.79	0
14.5411720000058	100	43.04	0
14.7563379999995	100	44.91	0
14.7984810000062	100	44.91	0
14.8391790000051	100	44.91	0
14.8864370000064	100	44.91	0
14.944576000005	100	44.9	0
15.0260150000006	100	45	0
15.0703670000061	100	45	0
15.1139940000027	100	44.99	0
15.157875	100	43.04	0
15.2055380000025	100	44.91	0
15.2581570000052	100	44.9	0
15.3107770000026	100	44.91	0
15.3638730000034	100	44.91	0
15.4135200000033	100	44.9	0
15.4576830000058	100	44.9	0
15.5034610000029	100	44.9	0
15.5531540000066	100	44.99	0
15.6022730000019	100	44.99	0
15.6489920000061	100	44.99	0
15.6913910000026	100	44.94	0
15.7363580000028	100	43.03	0
15.7854420000017	100	44.91	0
15.8282040000036	100	44.91	0
15.8876300000027	100	44.9	0
15.9347400000021	100	44.91	0
15.9838859999999	100	44.99	0
16.0313820000067	100	44.99	0
16.0850090000033	100	44.99	0
16.1347780000046	100	44.99	0
16.1779540000036	100	43.03	0
16.2268330000043	100	46.81	0
16.2706350000054	100	43.04	0
16.3133920000047	100	44.91	0
16.3597380000055	100	44.91	0
16.4064350000024	100	44.91	0
16.4511330000013	100	44.91	0
16.4938310000002	100	44.9	0
16.536826000005	100	45	0
16.5893859999999	100	44.99	0
16.6316410000026	100	44.99	0
16.6800240000039	100	43.04	0
16.7216689999998	100	44.91	0
16.7669540000036	100	44.91	0
16.8153350000009	100	44.91	0
16.8587790000066	100	44.91	0
16.9025410000011	100	44.9	0
16.946951000005	100	44.91	0
16.9953370000049	100	44.9	0
17.0387460000068	100	45	0
17.0879930000007	100	45	0
17.1292650000006	100	44.97	0
17.2601630000025	100	43.03	0
