0.00883799999952316	100	0	0
0.359189999997616	100	0	0
0.400699000000954	100	0	0
0.434739999994636	100	0	0
0.468958999998868	100	0	0
0.504112999998033	100	0	0
0.536909999996424	100	0	0
0.571476999998093	100	0	0
0.604033999994397	100	0	0
0.636138999998569	100	0	0
0.671502999998629	100	0	0
0.704681999996305	100	0	0
0.740189999997616	100	0	0
0.781255999997258	100	0	0
0.815093999996781	100	0	0
0.858125999994576	100	0	0
0.892493999995291	100	0	0
0.927798000000417	100	0	0
0.961747000001371	100	0	0
0.996008999995887	100	0	0
1.02971799999475	100	0	0
1.06540599999577	100	0	0
1.10085199999809	100	0	0
1.13695699999481	100	0	0
1.17044599999487	100	0	0
1.20493400000036	100	0	0
1.24013499999791	100	0	0
1.27454599999636	100	0	0
1.3065700000003	100	0	0
1.33721799999475	100	0	0
1.36858100000024	100	0	0
1.40136800000072	100	0	0
1.43438499999791	100	0	0
1.46490999999642	100	0	0
1.49769799999893	100	0	0
1.52955900000036	100	0	0
1.56058999999613	100	0	0
1.5923389999941	100	0	0
1.62497299999744	100	0	0
1.65693800000101	100	0	0
1.68912099999934	100	0	0
1.71989299999923	100	0	0
1.75107400000095	100	0	0
1.7860869999975	100	0	0
1.83763199999928	100	0	0
1.87685199999809	100	0	0
1.90876399999857	100	0	0
1.94181199999899	100	0	0
1.97441899999976	100	0	0
2.00773200000077	100	0	0
2.03968899999559	100	0	0
2.0718599999994	100	0	0
2.10562599999458	100	0	0
2.1367839999944	100	0	0
2.16718999999762	100	0	0
2.199125	100	0	0
2.22978499999642	100	0	0
2.26226599999517	100	0	0
2.29563199999928	100	0	0
2.32785799999535	100	0	0
2.35993699999899	100	0	0
2.39500400000066	100	0	0
2.42703899999708	100	0	0
2.46022800000012	100	0	0
2.49398399999738	100	0	0
2.52592899999768	100	0	0
2.55911699999869	100	0	0
2.59337599999458	100	0	0
2.62758199999481	100	0	0
2.65995899999887	100	0	0
2.69253599999845	100	0	0
2.72523099999875	100	0	0
2.75602600000054	100	0	0
2.78872599999607	100	0	0
2.82349099999666	100	0	0
2.86649300000072	100	0	0
2.90167700000107	100	0	0
2.93264099999517	100	0	0
2.96429999999702	100	0	0
2.99572100000083	100	0	0
3.03082899999619	100	0	0
3.06456799999624	100	0	0
3.09771999999881	100	0	0
3.13194299999624	100	0	0
3.16529599999636	100	0	0
3.19920600000024	100	0	0
3.23442799999565	100	0	0
3.2696950000003	100	0	0
3.30374700000137	100	0	0
3.33942300000042	100	0	0
3.37450499999523	100	0	0
3.40992099999636	100	0	0
3.44354199999571	100	0	0
3.47644900000095	100	0	0
3.51281599999964	100	0	0
3.54392499999702	100	0	0
3.57701099999994	100	0	0
3.60969599999487	100	0	0
3.64260199999809	100	0	0
3.67413199999928	100	0	0
3.7049469999969	100	0	0
3.73785599999875	100	0	0
3.76918299999833	100	0	0
3.79997699999809	100	0	0
3.83794099999964	100	0	0
3.87623999999464	100	0	0
3.91083199999481	100	0	0
3.94665799999982	100	0	0
3.98064799999446	100	0	0
4.01413699999452	100	0	0
4.04802899999917	100	0	0
4.08060099999607	100	0	0
4.11521599999815	100	0	0
4.14897800000012	100	0	0
4.18252799999714	100	0	0
4.21671999999881	100	0	0
4.25083299999684	100	0	0
4.28603099999577	100	0	0
4.3198919999972	100	0	0
4.35443499999493	100	0	0
4.38988199999929	100	0	0
4.42462099999934	100	0	0
4.45867799999565	100	0	0
4.49261699999869	100	0	0
4.52506399999559	100	0	0
4.55703599999845	100	0	0
4.58804399999976	100	0	0
4.61904100000113	100	0	0
4.65090999999642	100	0	0
4.68119900000095	100	0	0
4.71353199999779	100	0	0
4.74571799999475	100	0	0
4.77705999999493	100	0	0
4.8121419999972	100	0	0
4.85660199999809	100	0	0
4.88925800000131	100	0	0
4.92082400000095	100	0	0
4.95189699999988	100	0	0
4.98254199999571	100	0	0
5.01485099999607	100	0	0
5.04636400000006	100	0	0
5.07875099999458	100	0	0
5.11216499999911	100	0	0
5.14391499999911	100	0	0
5.17714999999851	100	0	0
5.20839899999648	100	0	0
5.23938899999857	100	0	0
5.27196799999475	100	0	0
5.30400299999863	100	0	0
5.34976299999654	100	0	0
5.39837999999523	100	0	0
5.45144199999422	100	0	0
5.50115599999577	100	0	0
5.55392799999565	100	0	0
5.60330799999833	100	0	0
5.65583799999952	100	0	0
5.70599799999595	100	0	0
5.75884699999541	100	0	0
5.80754999999702	100	0	0
5.86046799999475	100	0	0
5.91051199999452	100	0	0
5.96358799999952	100	0	0
6.01240100000054	100	0	0
6.06152399999648	100	0	0
6.11540500000119	100	0	0
6.16484699999541	100	0	0
6.21741200000048	100	0	0
6.26625499999523	100	0	0
6.32010700000077	100	0	0
6.36894999999553	100	0	0
6.42224499999732	100	0	0
6.47154899999499	100	0	0
6.52432299999893	100	0	0
6.57357400000095	100	0	0
6.62625299999863	100	0	0
6.67669900000095	100	0	0
6.72946599999815	100	0	0
6.77874099999666	100	0	0
6.82791699999571	100	0	0
6.88044199999422	100	0	0
6.93043899999559	100	0	0
6.98318800000101	100	0	0
7.03237799999863	100	0	0
7.08602499999851	100	0	0
7.13471700000018	100	0	0
7.1880869999975	100	0	0
7.23738599999994	100	0	0
7.29031499999762	100	0	0
7.3404450000003	100	0	0
7.39223599999398	100	0	0
7.44248799999803	100	0	0
7.49474499999732	100	0	0
7.54411899999529	100	0	0
7.59726799999923	100	0	0
7.64704499999434	100	0	0
7.6959299999997	100	0	0
7.7496819999963	100	0	0
7.79851299999654	100	0	0
7.85218899999559	100	0	0
7.90084799999744	100	0	0
7.95400499999523	100	0	0
8.00335599999875	100	0	0
8.05630299999565	100	0	0
8.10577600000054	100	0	0
8.15896599999815	100	0	0
8.2081400000006	100	0	0
8.26120699999481	100	0	0
8.31042899999768	100	0	0
8.3639089999944	100	0	0
8.41307699999958	100	0	0
8.46170299999416	100	0	0
8.51486899999529	100	0	0
8.56491699999571	100	0	0
8.61745299999416	100	0	0
8.66644399999827	100	0	0
8.71973200000077	100	0	0
8.76982099999487	100	0	0
8.82693499999493	100	0	0
8.87203700000048	100	0	0
8.92487099999934	100	0	0
8.97387900000066	100	0	0
9.02719199999422	100	0	0
9.07686699999869	100	0	0
9.12951199999452	100	0	0
9.17874899999797	100	0	0
9.2278219999969	100	0	0
9.28134099999815	100	0	0
9.33053799999505	100	0	0
9.38425999999791	100	0	0
9.43234799999744	100	0	0
9.48630099999905	100	0	0
9.53471000000089	100	0	0
9.58805599999428	100	0	0
9.63726799999922	100	0	0
9.69047699999809	100	0	0
9.74064899999648	100	0	0
9.79336999999732	100	0	0
9.84301199999452	100	0	0
9.89498299999535	100	0	0
9.94519799999893	100	0	0
9.99802600000054	100	0	0
10.0471379999965	100	0	0
10.0958029999956	100	0	0
10.1493310000002	100	0	0
10.1988389999941	100	0	0
10.2524409999996	100	0	0
10.3008289999962	100	0	0
10.3541919999942	100	0	0
10.4031679999977	100	0	0
10.4562800000012	100	0	0
10.5053589999974	100	0	0
10.5585859999955	100	0	0
10.6077969999984	100	0	0
10.6608969999999	100	0	0
10.7107789999992	100	0	0
10.7641779999956	100	0	0
10.8132659999952	100	0	0
10.8618299999982	100	0	0
10.9158489999995	100	0	0
10.964688000001	100	0	0
11.0185040000007	100	0	0
11.0668189999983	100	0	0
11.1203869999945	100	0	0
11.1697199999988	100	0	0
11.222574000001	100	0	0
11.2718689999953	100	0	0
11.3248159999996	100	0	0
11.373986999996	100	0	0
11.4269539999962	100	0	0
11.4763049999997	100	0	0
11.5292800000012	100	0	0
11.5786409999952	100	0	0
11.6317719999999	100	0	0
11.6819149999991	100	0	0
11.7309729999974	100	0	0
11.7846079999954	100	0	0
11.8335300000012	100	0	0
11.885862999998	100	0	0
11.9359109999985	100	0	0
11.9882280000001	100	0	0
12.0381389999986	100	0	0
12.0911550000012	100	0	0
12.1402679999992	100	0	0
12.1933940000013	100	0	0
12.2424829999954	100	0	0
12.2956259999946	100	0	0
12.3449560000002	100	0	0
12.3979739999995	100	0	0
12.4471849999949	100	0	0
12.4968059999943	100	0	0
12.5500889999941	100	0	0
12.5987779999971	100	0	0
12.6524230000004	100	0	0
12.7016070000008	100	0	0
12.7549160000011	100	0	0
12.8038069999963	100	0	0
12.8565859999955	100	0	0
12.9056609999984	100	0	0
12.9587039999962	100	0	0
13.0090590000004	100	0	0
13.0609899999946	100	0	0
13.1109670000002	100	0	0
13.1638219999969	100	0	0
13.2127589999959	100	0	0
13.2659209999964	100	0	0
13.3150859999955	100	0	0
13.3652409999967	100	0	0
13.4184160000011	100	0	0
13.4672449999973	100	0	0
13.5204789999947	100	0	0
13.5698989999965	100	0	0
13.6227430000007	100	0	0
13.6720199999958	100	0	0
13.7249639999941	100	0	0
13.7742959999964	100	0	0
13.8276319999993	100	0	0
13.8762100000009	100	0	0
13.929860999994	100	0	0
13.9791400000006	100	0	0
14.0323020000011	100	0	0
14.0823549999967	100	0	0
14.1307800000012	100	0	0
14.1843579999954	100	0	0
14.2327760000005	100	0	0
14.2862609999999	100	0	0
14.3361049999967	100	0	0
14.3892509999946	100	0	0
14.4383229999989	100	0	0
14.4912519999966	100	0	0
14.5404909999967	100	0	0
14.5934509999976	100	0	0
14.6427479999959	100	0	0
14.6958350000009	100	0	0
14.7455559999943	100	0	0
14.7976569999978	100	0	0
14.8478369999975	100	0	0
14.9008329999968	100	0	0
14.9500759999976	100	0	0
14.9993469999954	100	0	0
15.0521299999952	100	0	0
15.1018839999959	100	0	0
15.1543099999949	100	0	0
15.2037239999995	100	0	0
15.2569219999984	100	0	0
15.3059719999954	100	0	0
15.3595979999974	100	0	0
15.4086799999997	100	0	0
15.461625	100	0	0
15.5107569999993	100	0	0
15.5638319999948	100	0	0
15.6130709999949	100	0	0
15.6660370000005	100	0	0
15.7153790000007	100	0	0
15.7654079999998	100	0	0
15.818611999996	100	0	0
15.8669499999955	100	0	0
15.9213039999977	100	0	0
15.9700209999979	100	0	0
16.0232949999943	100	0	0
16.072111999996	100	0	0
16.1251629999951	100	0	0
16.1745649999976	100	0	0
16.2277139999941	100	0	0
16.2765879999995	100	0	0
16.329550999999	100	0	0
16.3797789999992	100	0	0
16.4319949999973	100	0	0
16.4821299999952	100	0	0
16.530974999994	100	0	0
16.5847969999984	100	0	0
16.633699000001	100	0	0
16.6873959999979	100	0	0
16.7362529999986	100	0	0
16.7889560000002	100	0	0
16.8383969999999	100	0	0
16.8909039999992	100	0	0
16.940985999994	100	0	0
16.9929139999971	100	0	0
17.0432829999998	100	0	0
17.096311999999	100	0	0
17.1455349999964	100	0	0
17.198349999994	100	0	0
17.2475700000003	100	0	0
17.3003889999986	100	0	0
17.3497349999994	100	0	0
17.3990879999995	100	0	0
17.452438000001	100	0	0
17.5014629999995	100	0	0
17.5548469999954	100	0	0
17.6044539999962	100	0	0
17.6572129999995	100	0	0
17.706300999999	100	0	0
17.7594659999982	100	0	0
17.8085579999983	100	0	0
17.8613329999968	100	0	0
17.911811999999	100	0	0
17.9640190000013	100	0	0
18.0132399999946	100	0	0
18.0664319999963	100	0	0
18.1157119999975	100	0	0
18.1647919999957	100	0	0
18.2182329999954	100	0	0
18.2672800000012	100	0	0
18.3205300000012	100	0	0
18.3705749999955	100	0	0
18.4238420000002	100	0	0
18.4725799999982	100	0	0
18.5257580000013	100	0	0
18.574998999998	100	0	0
18.6280040000007	100	0	0
18.6773149999976	100	0	0
18.7304829999954	100	0	0
18.7798729999959	100	0	0
18.8329719999954	100	0	0
18.8818039999977	100	0	0
18.9348659999967	100	0	0
18.9843839999959	100	0	0
19.0330089999959	100	0	0
19.0865260000005	100	0	0
19.1364499999955	100	0	0
19.1897119999975	100	0	0
19.2386419999972	100	0	0
19.2919780000001	100	0	0
19.3409930000007	100	0	0
19.3939279999957	100	0	0
19.4432859999985	100	0	0
19.4954299999997	100	0	0
19.5456789999977	100	0	0
19.5979319999963	100	0	0
19.6479439999983	100	0	0
19.7010159999952	100	0	0
19.7510370000005	100	0	0
19.7997629999965	100	0	0
19.853299999997	100	0	0
19.9014849999994	100	0	0
19.9551330000013	100	0	0
20.0040979999974	100	0	0
20.0575829999968	100	0	0
20.1066279999986	100	0	0
20.1597789999992	100	0	0
20.2085379999951	100	0	0
20.2623909999952	100	0	0
20.3118979999945	100	0	0
20.3639560000002	100	0	0
20.4138229999989	100	0	0
20.4663179999962	100	0	0
20.5162690000013	100	0	0
20.569123999998	100	0	0
20.6187580000013	100	0	0
20.6678929999992	100	0	0
20.7205639999956	100	0	0
20.7705379999951	100	0	0
20.8246389999986	100	0	0
20.8728769999966	100	0	0
20.9255249999985	100	0	0
20.9745829999968	100	0	0
21.028235999994	100	0	0
21.0776499999985	100	0	0
21.1302709999979	100	0	0
21.1797229999974	100	0	0
21.2330150000006	100	0	0
21.2825319999978	100	0	0
21.3355169999972	100	0	0
21.384449000001	100	0	0
21.4345669999942	100	0	0
21.4873399999961	100	0	0
21.5359759999961	100	0	0
21.5895289999992	100	0	0
21.6385289999992	100	0	0
21.6917629999965	100	0	0
21.7410179999992	100	0	0
21.7933279999942	100	0	0
21.8437739999965	100	0	0
21.8960549999997	100	0	0
21.9462839999944	100	0	0
21.9980139999986	100	0	0
22.0485679999962	100	0	0
22.101050999999	100	0	0
22.1511140000001	100	0	0
22.2031889999956	100	0	0
22.2524479999989	100	0	0
22.3024939999953	100	0	0
22.3557800000012	100	0	0
22.4044439999983	100	0	0
22.4577540000007	100	0	0
22.5067039999962	100	0	0
22.5597870000005	100	0	0
22.6089829999954	100	0	0
22.6619109999985	100	0	0
22.7118200000003	100	0	0
22.7641629999951	100	0	0
22.8143849999979	100	0	0
22.8670960000008	100	0	0
22.9160059999973	100	0	0
22.9692239999995	100	0	0
23.018449000001	100	0	0
23.0680689999983	100	0	0
23.1209329999983	100	0	0
23.1708020000011	100	0	0
23.2234270000011	100	0	0
23.2727639999986	100	0	0
23.3259389999956	100	0	0
23.3747309999988	100	0	0
23.4275139999986	100	0	0
23.4772349999994	100	0	0
23.5303339999989	100	0	0
23.5798530000001	100	0	0
23.6326319999993	100	0	0
23.6830139999986	100	0	0
23.7348020000011	100	0	0
23.7851849999949	100	0	0
23.8344439999983	100	0	0
23.886987999998	100	0	0
23.9361819999963	100	0	0
23.9898319999948	100	0	0
24.0386400000006	100	0	0
24.092435999997	100	0	0
24.1411840000004	100	0	0
24.1941479999945	100	0	0
24.2432199999988	100	0	0
24.2960579999983	100	0	0
24.3460480000004	100	0	0
24.3990219999999	100	0	0
24.4478479999974	100	0	0
24.5010260000005	100	0	0
24.5510869999975	100	0	0
24.6032329999954	100	0	0
24.6536279999986	100	0	0
24.7025969999954	100	0	0
24.7558869999945	100	0	0
24.8049919999987	100	0	0
24.8574469999969	100	0	0
24.9071339999959	100	0	0
24.9603429999948	100	0	0
25.0094799999967	100	0	0
25.0622789999992	100	0	0
25.1124219999984	100	0	0
25.1644179999977	100	0	0
25.2145579999983	100	0	0
25.2674579999968	100	0	0
25.3166909999996	100	0	0
25.3700109999999	100	0	0
25.4192949999943	100	0	0
25.4679799999967	100	0	0
25.5215579999983	100	0	0
25.5707529999986	100	0	0
25.6240969999954	100	0	0
25.672810999997	100	0	0
25.7261330000013	100	0	0
25.7749649999961	100	0	0
25.8283389999941	100	0	0
25.8777659999952	100	0	0
25.9304710000008	100	0	0
25.979748999998	100	0	0
26.0328919999972	100	0	0
26.0834099999964	100	0	0
26.1355029999986	100	0	0
26.1857199999988	100	0	0
26.2375109999999	100	0	0
26.2877029999942	100	0	0
26.3365889999941	100	0	0
26.3897449999973	100	0	0
26.4388720000014	100	0	0
26.4918999999985	100	0	0
26.5421330000013	100	0	0
26.5945150000006	100	0	0
26.643435999997	100	0	0
26.6970859999955	100	0	0
26.7459039999992	100	0	0
26.7992390000001	100	0	0
26.8487299999967	100	0	0
26.9022479999959	100	0	0
26.9506620000005	100	0	0
27.0039459999949	100	0	0
27.0534539999962	100	0	0
27.1027580000013	100	0	0
27.1558999999985	100	0	0
27.2045179999992	100	0	0
27.257560999997	100	0	0
27.3076939999983	100	0	0
27.3608799999952	100	0	0
27.4097569999993	100	0	0
27.4627739999965	100	0	0
27.5118940000013	100	0	0
27.5650769999996	100	0	0
27.6143149999976	100	0	0
27.6677479999959	100	0	0
27.7171259999946	100	0	0
27.7693420000002	100	0	0
27.8187060000002	100	0	0
27.8723179999962	100	0	0
27.9220129999965	100	0	0
27.9707779999971	100	0	0
28.0237980000004	100	0	0
28.0725549999997	100	0	0
28.1266730000004	100	0	0
28.1757439999953	100	0	0
28.2289439999983	100	0	0
28.2778479999974	100	0	0
28.3306099999994	100	0	0
28.3810089999959	100	0	0
28.4330969999954	100	0	0
28.4834639999941	100	0	0
28.5359639999941	100	0	0
28.5851359999999	100	0	0
28.6381079999954	100	0	0
28.6874309999943	100	0	0
28.736936999999	100	0	0
28.7902709999979	100	0	0
28.8391660000011	100	0	0
28.8920260000005	100	0	0
28.9409209999964	100	0	0
28.994599999994	100	0	0
29.0442459999993	100	0	0
29.096248999998	100	0	0
29.1466049999967	100	0	0
29.1995099999979	100	0	0
29.2483799999952	100	0	0
29.3015920000002	100	0	0
29.3510669999942	100	0	0
29.4042239999995	100	0	0
29.4530859999955	100	0	0
29.5063819999993	100	0	0
29.5565469999984	100	0	0
29.6050229999945	100	0	0
29.6580190000013	100	0	0
29.7068779999986	100	0	0
29.7610969999954	100	0	0
29.809675999999	100	0	0
29.8625389999971	100	0	0
29.9116689999998	100	0	0
29.9655559999943	100	0	0
30.0147559999973	100	0	0
30.0679079999998	100	0	0
30.1171689999998	100	0	0
30.1700109999999	100	0	0
30.2190939999968	100	0	0
30.2721339999959	100	0	0
30.3221929999962	100	0	0
30.3716070000008	100	0	0
30.4243940000013	100	0	0
30.4729429999962	100	0	0
30.5264029999971	100	0	0
30.575375	100	0	0
30.6287100000009	100	0	0
30.677688000001	100	0	0
30.7307199999988	100	0	0
30.7805219999999	100	0	0
30.8340139999986	100	0	0
30.8828539999947	100	0	0
30.9357129999995	100	0	0
30.9850150000006	100	0	0
31.0376019999981	100	0	0
31.0877519999966	100	0	0
31.140873999998	100	0	0
31.1897529999986	100	0	0
31.238699000001	100	0	0
31.2922870000005	100	0	0
31.3413310000002	100	0	0
31.3946199999973	100	0	0
31.4443139999956	100	0	0
31.4977980000004	100	0	0
31.5466149999946	100	0	0
31.5992629999965	100	0	0
31.6492439999953	100	0	0
31.701362999998	100	0	0
31.7508429999948	100	0	0
31.8038559999987	100	0	0
31.8537650000006	100	0	0
31.9066919999942	100	0	0
31.9558769999966	100	0	0
32.0050960000008	100	0	0
32.0584399999976	100	0	0
32.1078069999963	100	0	0
32.1608429999948	100	0	0
32.2097699999958	100	0	0
32.2628799999952	100	0	0
32.3127009999976	100	0	0
32.3655040000007	100	0	0
32.4154019999951	100	0	0
32.4672239999995	100	0	0
32.5173269999996	100	0	0
32.5701379999965	100	0	0
32.6191209999993	100	0	0
32.6721809999943	100	0	0
32.7216649999991	100	0	0
32.7747299999967	100	0	0
32.8254329999983	100	0	0
32.8744939999953	100	0	0
32.9261629999951	100	0	0
32.9762399999946	100	0	0
33.0291400000006	100	0	0
33.0778699999973	100	0	0
33.1309799999967	100	0	0
33.1812529999986	100	0	0
33.2330859999955	100	0	0
33.2837199999988	100	0	0
33.3363819999993	100	0	0
33.3858039999977	100	0	0
33.4378249999955	100	0	0
33.4878539999947	100	0	0
33.5409589999989	100	0	0
33.5901159999967	100	0	0
33.6398599999994	100	0	0
33.6929979999959	100	0	0
33.7420389999971	100	0	0
33.7950539999977	100	0	0
33.8445339999944	100	0	0
33.8971099999994	100	0	0
33.9469849999994	100	0	0
33.9990559999943	100	0	0
34.0488099999949	100	0	0
34.1018819999993	100	0	0
34.1518720000014	100	0	0
34.2038769999966	100	0	0
34.2536779999957	100	0	0
34.3067679999992	100	0	0
34.3563200000003	100	0	0
34.408485999994	100	0	0
34.4586669999957	100	0	0
34.507436999999	100	0	0
34.5614050000012	100	0	0
34.610060999997	100	0	0
34.6632609999999	100	0	0
34.7127149999961	100	0	0
34.7658849999979	100	0	0
34.8153809999973	100	0	0
34.8684139999971	100	0	0
34.9169469999969	100	0	0
34.9704149999991	100	0	0
35.0194450000003	100	0	0
35.0723649999946	100	0	0
35.1219939999953	100	0	0
35.1746849999949	100	0	0
35.2247819999978	100	0	0
35.2734329999983	100	0	0
35.3272679999992	100	0	0
35.3755279999971	100	0	0
35.4295749999955	100	0	0
35.4785850000009	100	0	0
35.5324129999951	100	0	0
35.5808099999949	100	0	0
35.6338299999982	100	0	0
35.6829309999943	100	0	0
35.7360920000002	100	0	0
35.7854199999943	100	0	0
35.8385269999951	100	0	0
35.8883209999949	100	0	0
35.9413359999955	100	0	0
35.9903099999949	100	0	0
36.0396209999993	100	0	0
36.0926019999981	100	0	0
36.1422280000001	100	0	0
36.1957170000002	100	0	0
36.2450719999969	100	0	0
36.2978339999989	100	0	0
36.3467540000007	100	0	0
36.3993659999967	100	0	0
36.4498189999983	100	0	0
36.5025169999972	100	0	0
36.5517430000007	100	0	0
36.6046319999993	100	0	0
36.6535190000013	100	0	0
36.7069160000011	100	0	0
36.7568599999994	100	0	0
36.8094619999975	100	0	0
36.8594499999955	100	0	0
36.9075269999951	100	0	0
36.9611059999988	100	0	0
37.0106629999951	100	0	0
37.0632149999961	100	0	0
37.1123589999974	100	0	0
37.1657859999984	100	0	0
37.2146609999985	100	0	0
37.2684389999956	100	0	0
37.3173809999973	100	0	0
37.3698699999973	100	0	0
37.4202329999953	100	0	0
37.4727019999996	100	0	0
37.5217269999981	100	0	0
37.5753830000013	100	0	0
37.6251599999964	100	0	0
37.6737149999961	100	0	0
37.7267479999959	100	0	0
37.7758949999958	100	0	0
37.8292779999971	100	0	0
37.8783049999997	100	0	0
37.9319639999941	100	0	0
37.9809299999997	100	0	0
38.0337870000005	100	0	0
38.0832819999978	100	0	0
38.1360249999985	100	0	0
38.1855219999999	100	0	0
38.2389319999963	100	0	0
38.2882939999998	100	0	0
38.3414739999995	100	0	0
38.3901559999958	100	0	0
38.4435179999992	100	0	0
38.4927889999971	100	0	0
38.5422259999961	100	0	0
38.5951569999978	100	0	0
38.6447760000005	100	0	0
38.6984820000008	100	0	0
38.7465569999963	100	0	0
38.8000480000004	100	0	0
38.8496620000005	100	0	0
38.9022589999959	100	0	0
38.9523649999946	100	0	0
39.0043439999968	100	0	0
39.0539719999954	100	0	0
39.1070049999952	100	0	0
39.1565370000005	100	0	0
39.209373999998	100	0	0
39.258813000001	100	0	0
39.307560999997	100	0	0
39.3608849999979	100	0	0
39.4104629999995	100	0	0
39.4636929999962	100	0	0
39.5126730000004	100	0	0
39.566599999994	100	0	0
39.6157609999999	100	0	0
39.6686550000012	100	0	0
39.7172100000009	100	0	0
39.7706489999965	100	0	0
39.8198729999959	100	0	0
39.8736030000001	100	0	0
39.9219609999955	100	0	0
39.9755139999986	100	0	0
40.0245759999976	100	0	0
40.0774670000002	100	0	0
40.1275059999973	100	0	0
40.176049999997	100	0	0
40.2293919999972	100	0	0
40.278313000001	100	0	0
40.3317299999967	100	0	0
40.3806789999977	100	0	0
40.4350049999952	100	0	0
40.4838859999999	100	0	0
40.5369679999948	100	0	0
40.5859160000011	100	0	0
40.6388519999981	100	0	0
40.6882859999984	100	0	0
40.7413389999941	100	0	0
40.7905639999956	100	0	0
40.844188000001	100	0	0
40.8926269999966	100	0	0
40.9420359999985	100	0	0
40.9959329999983	100	0	0
41.0452959999964	100	0	0
41.0982039999962	100	0	0
41.1468570000008	100	0	0
41.2009120000005	100	0	0
41.249611999996	100	0	0
41.3019949999973	100	0	0
41.3518189999983	100	0	0
41.4050700000003	100	0	0
41.4546429999992	100	0	0
41.5073399999961	100	0	0
41.5562669999972	100	0	0
41.6101679999977	100	0	0
41.6589429999962	100	0	0
41.7117629999965	100	0	0
41.7619569999948	100	0	0
41.8105769999996	100	0	0
41.8643859999999	100	0	0
41.9129939999953	100	0	0
41.9663969999999	100	0	0
42.0158059999943	100	0	0
42.0690899999961	100	0	0
42.1180089999959	100	0	0
42.1709230000004	100	0	0
42.2199089999944	100	0	0
42.2730960000008	100	0	0
42.3226059999987	100	0	0
42.3758409999982	100	0	0
42.4247470000014	100	0	0
42.4774909999967	100	0	0
42.5277019999996	100	0	0
42.5767739999965	100	0	0
42.6301299999952	100	0	0
42.6790429999977	100	0	0
42.732813000001	100	0	0
42.7811369999945	100	0	0
42.8349010000005	100	0	0
42.8835529999957	100	0	0
42.9369670000002	100	0	0
42.9860169999972	100	0	0
43.0388889999986	100	0	0
43.0888039999977	100	0	0
43.1413420000002	100	0	0
43.1914759999961	100	0	0
43.2435319999978	100	0	0
43.2937149999961	100	0	0
43.3457219999954	100	0	0
43.3953549999967	100	0	0
43.4443929999992	100	0	0
43.497824000001	100	0	0
43.5468449999988	100	0	0
43.6004739999995	100	0	0
43.650174999997	100	0	0
43.7022219999954	100	0	0
43.7523869999945	100	0	0
43.8053949999958	100	0	0
43.8542409999967	100	0	0
43.9070119999945	100	0	0
43.9572479999959	100	0	0
44.0101180000007	100	0	0
44.0600719999969	100	0	0
44.112111999996	100	0	0
44.1613689999953	100	0	0
44.2104149999991	100	0	0
44.2637470000014	100	0	0
44.313811999999	100	0	0
44.3668420000002	100	0	0
44.4156679999977	100	0	0
44.4690469999984	100	0	0
44.5180979999974	100	0	0
44.5708209999949	100	0	0
44.6209699999988	100	0	0
44.673061999999	100	0	0
44.7223189999983	100	0	0
44.7752619999945	100	0	0
44.826	100	0	0
44.8784279999957	100	0	0
44.9271519999951	100	0	0
44.980925999999	100	0	0
45.0306689999998	100	0	0
45.0790769999996	100	0	0
45.1319059999958	100	0	0
45.1818359999955	100	0	0
45.2351279999986	100	0	0
45.2842039999962	100	0	0
45.3363929999992	100	0	0
45.386622999996	100	0	0
45.4390419999957	100	0	0
45.4891510000005	100	0	0
45.5415810000002	100	0	0
45.590860999994	100	0	0
45.6440249999985	100	0	0
45.6937149999961	100	0	0
45.7467910000011	100	0	0
45.7955899999961	100	0	0
45.8457629999965	100	0	0
45.8981819999963	100	0	0
45.9478159999996	100	0	0
46.0007199999988	100	0	0
46.0493269999996	100	0	0
46.1033029999956	100	0	0
46.1520590000004	100	0	0
46.2057729999945	100	0	0
46.2548869999945	100	0	0
46.3073709999993	100	0	0
46.3574299999997	100	0	0
46.4096709999964	100	0	0
46.4590559999943	100	0	0
46.5121159999967	100	0	0
46.5617889999971	100	0	0
46.6108209999949	100	0	0
46.6645009999946	100	0	0
46.7131379999965	100	0	0
46.7664289999977	100	0	0
46.8163169999942	100	0	0
46.869060999997	100	0	0
46.918599999994	100	0	0
46.9714459999949	100	0	0
47.0204209999964	100	0	0
47.0734230000004	100	0	0
47.1232509999946	100	0	0
47.1762540000007	100	0	0
47.2252959999964	100	0	0
47.2777919999957	100	0	0
47.3280150000006	100	0	0
47.3806180000007	100	0	0
47.4300960000008	100	0	0
47.4797809999958	100	0	0
47.5329349999949	100	0	0
47.582060999997	100	0	0
47.6347430000007	100	0	0
47.6837739999965	100	0	0
47.7369340000004	100	0	0
47.7869930000007	100	0	0
47.8395279999971	100	0	0
47.8887669999972	100	0	0
47.9422060000002	100	0	0
47.9919219999984	100	0	0
48.0437219999954	100	0	0
48.0941639999971	100	0	0
48.146674999997	100	0	0
48.1959010000005	100	0	0
48.2449429999962	100	0	0
48.298485999994	100	0	0
48.3472189999968	100	0	0
48.400824000001	100	0	0
48.4503049999997	100	0	0
48.503986999996	100	0	0
48.5527769999951	100	0	0
48.605998999998	100	0	0
48.6548149999976	100	0	0
48.7082339999974	100	0	0
48.7571689999998	100	0	0
48.8100639999956	100	0	0
48.8605399999991	100	0	0
48.9124160000011	100	0	0
48.9625419999957	100	0	0
49.015435999997	100	0	0
49.0642470000014	100	0	0
49.1130700000003	100	0	0
49.1674769999981	100	0	0
49.2162709999979	100	0	0
49.2695669999942	100	0	0
49.3182089999989	100	0	0
49.371625	100	0	0
49.4207980000004	100	0	0
49.473224999994	100	0	0
49.5233689999953	100	0	0
49.576361999996	100	0	0
49.6254439999983	100	0	0
49.678287999995	100	0	0
49.728362999998	100	0	0
49.7804309999943	100	0	0
49.8310279999971	100	0	0
49.8791009999961	100	0	0
49.9333530000001	100	0	0
49.9822749999985	100	0	0
50.0353329999968	100	0	0
50.084974999994	100	0	0
50.137048999995	100	0	0
50.187111999996	100	0	0
50.2395029999986	100	0	0
50.2887039999962	100	0	0
50.3418039999977	100	0	0
50.3917829999998	100	0	0
50.4447409999967	100	0	0
50.4936599999964	100	0	0
50.5469919999987	100	0	0
50.5970129999965	100	0	0
50.6488079999983	100	0	0
50.6989340000004	100	0	0
50.7477659999952	100	0	0
50.8014109999985	100	0	0
50.8502210000008	100	0	0
50.9030219999999	100	0	0
50.9527399999946	100	0	0
51.0055819999948	100	0	0
51.0550040000007	100	0	0
51.1081529999971	100	0	0
51.157625	100	0	0
51.209860999994	100	0	0
51.259800999999	100	0	0
51.3129399999976	100	0	0
51.3619529999942	100	0	0
51.4155109999999	100	0	0
51.4646400000006	100	0	0
51.5143809999973	100	0	0
51.5669219999984	100	0	0
51.6166789999977	100	0	0
51.6698599999994	100	0	0
51.7192719999999	100	0	0
51.7714949999973	100	0	0
51.8206419999972	100	0	0
51.8743310000002	100	0	0
51.9231290000007	100	0	0
51.9765329999998	100	0	0
52.0258579999954	100	0	0
52.0788200000003	100	0	0
52.1277949999943	100	0	0
52.1809890000001	100	0	0
52.2306199999973	100	0	0
52.2832829999998	100	0	0
52.3332779999971	100	0	0
52.3822309999987	100	0	0
52.4352829999998	100	0	0
52.4849499999955	100	0	0
52.5377309999988	100	0	0
52.5867399999946	100	0	0
52.6397959999964	100	0	0
52.6896349999979	100	0	0
52.7424689999968	100	0	0
52.7916829999983	100	0	0
52.8448399999961	100	0	0
52.8937650000006	100	0	0
52.9470749999955	100	0	0
52.9964909999967	100	0	0
53.0489539999962	100	0	0
53.0985370000005	100	0	0
53.1478879999965	100	0	0
53.2011019999981	100	0	0
53.2499609999955	100	0	0
53.3033849999979	100	0	0
53.3524050000012	100	0	0
53.4066589999944	100	0	0
53.4555379999951	100	0	0
53.508550999999	100	0	0
53.5572419999987	100	0	0
53.6102470000014	100	0	0
53.6603420000002	100	0	0
53.713310999997	100	0	0
53.7620089999959	100	0	0
53.8147949999943	100	0	0
53.8645150000006	100	0	0
53.9171259999946	100	0	0
53.9673259999976	100	0	0
54.0161140000001	100	0	0
54.069736999996	100	0	0
54.1188359999955	100	0	0
54.1716779999957	100	0	0
54.2216339999959	100	0	0
54.2745109999999	100	0	0
54.3237430000007	100	0	0
54.3765019999966	100	0	0
54.4255009999946	100	0	0
54.478435999997	100	0	0
54.5286030000001	100	0	0
54.5813039999977	100	0	0
54.6314579999968	100	0	0
54.6833189999983	100	0	0
54.7329909999967	100	0	0
54.7819659999981	100	0	0
54.836185999997	100	0	0
54.8849729999974	100	0	0
54.9377919999957	100	0	0
54.9868859999999	100	0	0
55.040862999998	100	0	0
55.0895669999942	100	0	0
55.1419629999995	100	0	0
55.1923090000004	100	0	0
55.2453709999993	100	0	0
55.2947109999955	100	0	0
55.3476840000004	100	0	0
55.3965729999989	100	0	0
55.4495080000013	100	0	0
55.4986649999991	100	0	0
55.548	100	0	0
55.6019389999956	100	0	0
55.6506889999956	100	0	0
55.7038819999993	100	0	0
55.7526209999993	100	0	0
55.8068859999999	100	0	0
55.8551609999985	100	0	0
55.9079039999992	100	0	0
55.9579209999964	100	0	0
56.0109849999994	100	0	0
56.06025	100	0	0
56.1130789999962	100	0	0
56.1623200000003	100	0	0
56.2152659999952	100	0	0
56.265412999995	100	0	0
56.3183469999954	100	0	0
56.3671299999952	100	0	0
56.4160249999985	100	0	0
56.4692870000005	100	0	0
56.5194299999997	100	0	0
56.5726699999943	100	0	0
56.6218079999983	100	0	0
56.6752079999968	100	0	0
56.7237159999982	100	0	0
56.7765769999996	100	0	0
56.8257980000004	100	0	0
56.8788790000007	100	0	0
56.9280899999961	100	0	0
56.9812609999999	100	0	0
57.0313799999952	100	0	0
57.0841259999946	100	0	0
57.1331259999946	100	0	0
57.1822329999953	100	0	0
57.2361169999987	100	0	0
57.2856229999959	100	0	0
57.3386969999969	100	0	0
57.3877540000007	100	0	0
57.4400549999997	100	0	0
57.4899419999942	100	0	0
57.5431019999981	100	0	0
57.5920190000013	100	0	0
57.6450080000013	100	0	0
57.6939849999994	100	0	0
57.7469149999991	100	0	0
57.7971220000014	100	0	0
57.8502089999989	100	0	0
57.8994799999967	100	0	0
57.9523869999945	100	0	0
58.0015089999959	100	0	0
58.0508379999995	100	0	0
58.104436999999	100	0	0
58.1533189999983	100	0	0
58.2070449999943	100	0	0
58.255862999998	100	0	0
58.3091589999944	100	0	0
58.3581220000014	100	0	0
58.4113979999945	100	0	0
58.4603189999983	100	0	0
58.5133409999981	100	0	0
58.5628299999982	100	0	0
58.6156709999964	100	0	0
58.6648519999981	100	0	0
58.7176089999974	100	0	0
58.7677769999951	100	0	0
58.8164429999962	100	0	0
58.8704569999948	100	0	0
58.9192229999974	100	0	0
58.9727129999995	100	0	0
59.0217119999975	100	0	0
59.0749179999977	100	0	0
59.1236449999958	100	0	0
59.176811999999	100	0	0
59.2264199999943	100	0	0
59.2793069999963	100	0	0
59.3292669999972	100	0	0
59.381311999999	100	0	0
59.4316730000004	100	0	0
59.484474999994	100	0	0
59.5332159999982	100	0	0
59.5867199999988	100	0	0
59.6359739999995	100	0	0
59.6851149999946	100	0	0
59.7384569999948	100	0	0
59.7874699999988	100	0	0
59.8415080000013	100	0	0
59.8896889999956	100	0	0
59.9429189999998	100	0	0
59.9918579999954	100	0	0
60.0447939999998	100	0	0
60.0951070000008	100	0	0
60.1478399999961	100	0	0
60.1969729999974	100	0	0
60.2497299999967	100	0	0
60.2997139999941	100	0	0
60.3517619999945	100	0	0
60.4022569999993	100	0	0
60.4508279999942	100	0	0
60.5039829999954	100	0	0
60.5536440000012	100	0	0
60.6068289999962	100	0	0
60.6557009999976	100	0	0
60.7093909999952	100	0	0
60.757924999997	100	0	0
60.8109670000002	100	0	0
60.8608539999947	100	0	0
60.9142980000004	100	0	0
60.9630159999952	100	0	0
61.0160009999946	100	0	0
61.0651379999965	100	0	0
61.1182559999973	100	0	0
61.167424999997	100	0	0
61.2210219999999	100	0	0
61.270185999997	100	0	0
61.3188769999966	100	0	0
61.372060999997	100	0	0
61.4219739999995	100	0	0
61.4754689999968	100	0	0
61.5244659999981	100	0	0
61.5766649999991	100	0	0
61.6269299999997	100	0	0
61.6789509999976	100	0	0
61.7288099999949	100	0	0
61.7814459999949	100	0	0
61.831438000001	100	0	0
61.8839340000004	100	0	0
61.9338909999952	100	0	0
61.9869829999953	100	0	0
62.0361959999949	100	0	0
62.085237999998	100	0	0
62.138610999994	100	0	0
62.1872339999974	100	0	0
62.2410719999969	100	0	0
62.2901629999951	100	0	0
62.3436789999977	100	0	0
62.3925300000012	100	0	0
62.4455979999974	100	0	0
62.4947690000012	100	0	0
62.5474389999956	100	0	0
62.5970649999976	100	0	0
62.6502009999976	100	0	0
62.6992849999964	100	0	0
62.7521899999976	100	0	0
62.802435999997	100	0	0
62.8551599999964	100	0	0
62.9040779999942	100	0	0
62.9538689999953	100	0	0
63.0069780000001	100	0	0
63.0559299999997	100	0	0
63.1091049999967	100	0	0
63.1578279999942	100	0	0
63.2107980000004	100	0	0
63.2607659999952	100	0	0
63.3141039999947	100	0	0
63.3637139999941	100	0	0
63.4163969999999	100	0	0
63.4654689999968	100	0	0
63.5184139999971	100	0	0
63.5675879999995	100	0	0
63.6208339999989	100	0	0
63.6699569999948	100	0	0
63.7196809999943	100	0	0
63.7734299999997	100	0	0
63.8214949999973	100	0	0
63.874685999997	100	0	0
63.9243169999942	100	0	0
63.9777280000001	100	0	0
64.0264829999954	100	0	0
64.0792889999971	100	0	0
64.1293240000009	100	0	0
64.1825080000013	100	0	0
64.2313090000004	100	0	0
64.2850249999985	100	0	0
64.3339839999974	100	0	0
64.3871059999988	100	0	0
64.4359149999991	100	0	0
64.4859160000011	100	0	0
64.5384679999948	100	0	0
64.5874890000001	100	0	0
64.6415590000004	100	0	0
64.6899949999973	100	0	0
64.7434809999988	100	0	0
64.792436999999	100	0	0
64.8456479999945	100	0	0
64.8951529999971	100	0	0
64.9479469999969	100	0	0
64.9970289999992	100	0	0
65.049824000001	100	0	0
65.0999849999994	100	0	0
65.1522959999964	100	0	0
65.202673999995	100	0	0
65.2545199999958	100	0	0
65.3047589999959	100	0	0
65.353548999995	100	0	0
65.4067809999958	100	0	0
65.4557580000013	100	0	0
65.5089699999988	100	0	0
65.5587929999977	100	0	0
65.6120349999964	100	0	0
65.6608940000012	100	0	0
65.7140810000002	100	0	0
65.7632659999952	100	0	0
65.8157910000011	100	0	0
65.8655059999973	100	0	0
65.9183969999999	100	0	0
65.9679299999997	100	0	0
66.0209780000001	100	0	0
66.0701719999984	100	0	0
66.1201330000013	100	0	0
66.1734529999942	100	0	0
66.2225459999964	100	0	0
66.2758029999956	100	0	0
66.3248729999959	100	0	0
66.3777179999948	100	0	0
66.4267699999958	100	0	0
66.479849999994	100	0	0
66.5289409999996	100	0	0
66.5823049999997	100	0	0
66.6318979999945	100	0	0
66.6852639999986	100	0	0
66.7340850000009	100	0	0
66.7871550000012	100	0	0
66.8370429999977	100	0	0
66.8891279999986	100	0	0
66.9393299999982	100	0	0
66.9881709999964	100	0	0
67.0410009999946	100	0	0
67.0907439999953	100	0	0
67.1439529999942	100	0	0
67.1928819999993	100	0	0
67.2463530000001	100	0	0
67.2955789999962	100	0	0
67.3484689999968	100	0	0
67.3981089999974	100	0	0
67.4504609999955	100	0	0
67.4999569999948	100	0	0
67.5526699999943	100	0	0
67.6027339999974	100	0	0
67.6555229999945	100	0	0
67.7046140000001	100	0	0
67.7544890000001	100	0	0
67.8072949999943	100	0	0
67.8568460000008	100	0	0
67.9099299999997	100	0	0
67.9590599999949	100	0	0
68.0120810000002	100	0	0
68.0612719999999	100	0	0
68.1143720000014	100	0	0
68.1635960000008	100	0	0
68.2162349999994	100	0	0
68.2663319999948	100	0	0
68.3190559999943	100	0	0
68.3683689999953	100	0	0
68.420673999995	100	0	0
68.4708819999993	100	0	0
68.523849999994	100	0	0
68.5735799999982	100	0	0
68.6222199999988	100	0	0
68.6759059999958	100	0	0
68.7246039999947	100	0	0
68.7781369999945	100	0	0
68.8278720000014	100	0	0
68.894349999994	100	0	0
68.9373819999993	100	0	0
68.9831400000006	100	0	0
69.0320829999968	100	0	0
69.0843799999952	100	0	0
69.1345439999998	100	0	0
69.1875759999976	100	0	0
69.2367540000007	100	0	0
69.2900069999993	100	0	0
69.3390040000007	100	0	0
69.3880029999986	100	0	0
69.4411639999971	100	0	0
69.4912409999967	100	0	0
69.5440009999946	100	0	0
69.5928969999999	100	0	0
69.6464600000009	100	0	0
69.6951689999998	100	0	0
69.7480689999983	100	0	0
69.7980439999998	100	0	0
69.8503549999967	100	0	0
69.9006779999957	100	0	0
69.9533219999969	100	0	0
70.0027189999968	100	0	0
70.055486999996	100	0	0
70.1047329999953	100	0	0
70.1575960000008	100	0	0
70.2077699999958	100	0	0
70.2569600000009	100	0	0
70.3097129999995	100	0	0
70.3584689999968	100	0	0
70.4126789999977	100	0	0
70.4610779999942	100	0	0
70.5140969999954	100	0	0
70.563986999996	100	0	0
70.6170810000002	100	0	0
70.6659619999975	100	0	0
70.7185749999955	100	0	0
70.7689149999991	100	0	0
70.8219139999971	100	0	0
70.8712690000012	100	0	0
70.9242479999959	100	0	0
70.9733909999952	100	0	0
71.022574000001	100	0	0
71.0754909999967	100	0	0
71.1249299999997	100	0	0
71.1782039999962	100	0	0
71.2272650000006	100	0	0
71.2809109999985	100	0	0
71.3298969999999	100	0	0
71.3824600000009	100	0	0
71.4323449999988	100	0	0
71.4853169999942	100	0	0
71.5341059999987	100	0	0
71.5877529999986	100	0	0
71.6369780000001	100	0	0
71.6899789999947	100	0	0
71.7388189999983	100	0	0
71.7923249999955	100	0	0
71.8422599999979	100	0	0
71.8907540000007	100	0	0
71.9441409999952	100	0	0
71.9931290000006	100	0	0
72.0461389999986	100	0	0
72.0959450000003	100	0	0
72.1480419999957	100	0	0
72.198173999995	100	0	0
72.2503759999946	100	0	0
72.3005459999964	100	0	0
72.3537399999946	100	0	0
72.4026629999951	100	0	0
72.4555150000006	100	0	0
72.5056429999992	100	0	0
72.5583959999979	100	0	0
72.6075960000008	100	0	0
72.6565289999992	100	0	0
72.7096919999942	100	0	0
72.7597800000012	100	0	0
72.8128249999955	100	0	0
72.8616499999985	100	0	0
72.9148900000006	100	0	0
72.964474999994	100	0	0
73.0162959999964	100	0	0
73.0665459999964	100	0	0
73.1193469999954	100	0	0
73.1685379999951	100	0	0
73.2217409999967	100	0	0
73.2709459999949	100	0	0
73.3243669999987	100	0	0
73.3736079999954	100	0	0
73.4224619999975	100	0	0
73.4755279999971	100	0	0
73.5253649999946	100	0	0
73.5787129999995	100	0	0
73.6276979999989	100	0	0
73.6810389999971	100	0	0
73.729862999998	100	0	0
73.7823159999996	100	0	0
73.8325939999968	100	0	0
73.8849549999982	100	0	0
73.9348289999962	100	0	0
73.9878979999945	100	0	0
74.0369109999985	100	0	0
74.0900539999977	100	0	0
74.1392339999974	100	0	0
74.1925179999992	100	0	0
74.2413079999983	100	0	0
74.2914809999988	100	0	0
74.3438310000002	100	0	0
74.3929399999976	100	0	0
74.4469679999948	100	0	0
74.4957969999984	100	0	0
74.5492069999948	100	0	0
74.5983059999943	100	0	0
74.6507089999989	100	0	0
74.7011049999967	100	0	0
74.7535859999955	100	0	0
74.8028819999993	100	0	0
74.8559199999943	100	0	0
74.9058339999989	100	0	0
74.9577919999957	100	0	0
75.0081840000004	100	0	0
75.0570829999968	100	0	0
75.1100529999956	100	0	0
75.1599069999978	100	0	0
75.2128399999961	100	0	0
75.2617559999973	100	0	0
75.3151899999976	100	0	0
75.3643240000009	100	0	0
75.4172859999985	100	0	0
75.4663139999956	100	0	0
75.5191259999946	100	0	0
75.5693759999946	100	0	0
75.6224050000012	100	0	0
75.6716309999973	100	0	0
75.7241679999977	100	0	0
75.7733039999977	100	0	0
75.8267690000012	100	0	0
75.8757399999946	100	0	0
75.9256220000014	100	0	0
75.979048999995	100	0	0
76.0281559999958	100	0	0
76.0812870000005	100	0	0
76.1299909999967	100	0	0
76.1830289999992	100	0	0
76.2327839999944	100	0	0
76.2854629999995	100	0	0
76.3346389999986	100	0	0
76.3873079999983	100	0	0
76.4377179999948	100	0	0
76.4898079999983	100	0	0
76.5402269999981	100	0	0
76.5921290000007	100	0	0
76.6426510000005	100	0	0
76.6915719999969	100	0	0
76.7446929999962	100	0	0
76.7944529999942	100	0	0
76.8472519999966	100	0	0
76.8956089999974	100	0	0
76.949736999996	100	0	0
76.9986049999967	100	0	0
77.0507669999972	100	0	0
77.1009329999983	100	0	0
77.1540949999988	100	0	0
77.2033249999955	100	0	0
77.2562719999999	100	0	0
77.305686999999	100	0	0
77.3586019999981	100	0	0
77.4079139999971	100	0	0
77.4611379999965	100	0	0
77.5103969999999	100	0	0
77.5593509999961	100	0	0
77.6125659999996	100	0	0
77.6614780000001	100	0	0
77.7148839999959	100	0	0
77.7647479999959	100	0	0
77.8181389999986	100	0	0
77.8670129999965	100	0	0
77.9197580000013	100	0	0
77.9695419999957	100	0	0
78.0217959999964	100	0	0
78.071063000001	100	0	0
78.1247199999988	100	0	0
78.1739689999968	100	0	0
78.2263879999965	100	0	0
78.2768889999986	100	0	0
78.3256819999963	100	0	0
78.3791389999986	100	0	0
78.4280349999964	100	0	0
78.4819149999991	100	0	0
78.5303900000006	100	0	0
78.5839809999987	100	0	0
78.6329340000004	100	0	0
78.6860520000011	100	0	0
78.7353570000008	100	0	0
78.7883649999946	100	0	0
78.8382029999942	100	0	0
78.8906730000004	100	0	0
78.9399149999991	100	0	0
78.9936620000005	100	0	0
79.041936999999	100	0	0
79.0948269999996	100	0	0
79.1453479999974	100	0	0
79.1943900000006	100	0	0
79.246549999997	100	0	0
79.2966279999986	100	0	0
79.3492019999996	100	0	0
79.3982580000013	100	0	0
79.4522430000007	100	0	0
79.501361999996	100	0	0
79.5543209999949	100	0	0
79.6036939999983	100	0	0
79.6564289999977	100	0	0
79.7054429999963	100	0	0
79.7581579999998	100	0	0
79.8081639999971	100	0	0
79.8611969999969	100	0	0
79.9109729999974	100	0	0
79.9605279999971	100	0	0
80.0131979999989	100	0	0
80.0623229999989	100	0	0
80.1156030000001	100	0	0
80.1647449999973	100	0	0
80.2176779999956	100	0	0
80.2672129999995	100	0	0
80.3199189999998	100	0	0
80.3690319999978	100	0	0
80.4217459999993	100	0	0
80.4719219999984	100	0	0
80.5250779999942	100	0	0
80.574111999996	100	0	0
80.6277170000002	100	0	0
80.6768139999956	100	0	0
80.7289469999969	100	0	0
80.7788680000007	100	0	0
80.8278949999958	100	0	0
80.8814849999994	100	0	0
80.9300119999945	100	0	0
80.9834429999962	100	0	0
81.0323729999959	100	0	0
81.0853900000006	100	0	0
81.1355260000005	100	0	0
81.1883599999994	100	0	0
81.2371400000006	100	0	0
81.2908549999967	100	0	0
81.3399319999963	100	0	0
81.3935579999983	100	0	0
81.4428799999952	100	0	0
81.4956429999992	100	0	0
81.5448049999997	100	0	0
81.5943420000002	100	0	0
81.6475339999944	100	0	0
81.6964799999967	100	0	0
81.749673999995	100	0	0
81.7984099999964	100	0	0
81.8527060000002	100	0	0
81.9011620000005	100	0	0
81.9545069999993	100	0	0
82.004048999995	100	0	0
82.0566909999996	100	0	0
82.1055459999964	100	0	0
82.1584479999989	100	0	0
82.2085029999986	100	0	0
82.2611220000014	100	0	0
82.3107170000002	100	0	0
82.3639439999983	100	0	0
82.4130719999969	100	0	0
82.4620829999968	100	0	0
82.5153200000003	100	0	0
82.5645089999959	100	0	0
82.6177659999952	100	0	0
82.6667690000013	100	0	0
82.7199099999964	100	0	0
82.7693059999943	100	0	0
82.8235269999951	100	0	0
82.8719639999941	100	0	0
82.924860999994	100	0	0
82.9739419999942	100	0	0
83.0276330000013	100	0	0
83.0767329999954	100	0	0
83.1297390000001	100	0	0
83.1786719999984	100	0	0
83.2279600000009	100	0	0
83.281923999995	100	0	0
83.3311199999973	100	0	0
83.3834120000005	100	0	0
83.4334059999958	100	0	0
83.4867159999982	100	0	0
83.5355139999986	100	0	0
83.5886419999972	100	0	0
83.6377219999954	100	0	0
83.6907760000005	100	0	0
83.7398069999963	100	0	0
83.7927409999967	100	0	0
83.842362999998	100	0	0
83.8956770000011	100	0	0
83.9446899999976	100	0	0
83.9976079999954	100	0	0
84.0479809999987	100	0	0
84.0965520000011	100	0	0
84.1498429999948	100	0	0
84.1988420000002	100	0	0
84.2519289999977	100	0	0
84.3018359999955	100	0	0
84.353925999999	100	0	0
84.4032800000012	100	0	0
84.4561719999984	100	0	0
84.5062149999961	100	0	0
84.5590009999946	100	0	0
84.6088209999949	100	0	0
84.6615089999959	100	0	0
84.7108759999946	100	0	0
84.7641939999983	100	0	0
84.813486999996	100	0	0
84.8630260000005	100	0	0
84.9161059999987	100	0	0
84.9652859999985	100	0	0
85.0181279999986	100	0	0
85.0675529999957	100	0	0
85.1209560000002	100	0	0
85.1694679999948	100	0	0
85.2227029999942	100	0	0
85.2725469999984	100	0	0
85.3248799999952	100	0	0
85.3749429999963	100	0	0
85.4269469999969	100	0	0
85.4770929999948	100	0	0
85.5299670000002	100	0	0
85.5788469999954	100	0	0
85.628860999994	100	0	0
85.6819899999946	100	0	0
85.7305669999942	100	0	0
85.783748999998	100	0	0
85.8329429999962	100	0	0
85.8869729999974	100	0	0
85.935799999997	100	0	0
85.9889839999974	100	0	0
86.0381719999984	100	0	0
86.091186999999	100	0	0
86.1402959999964	100	0	0
86.1934259999991	100	0	0
86.2422679999992	100	0	0
86.2956019999981	100	0	0
86.3455700000003	100	0	0
86.3983929999992	100	0	0
86.447662999995	100	0	0
86.4967549999952	100	0	0
86.549873999998	100	0	0
86.5988059999943	100	0	0
86.6520549999997	100	0	0
86.7018559999987	100	0	0
86.7549569999948	100	0	0
86.8039539999962	100	0	0
86.8565769999996	100	0	0
86.9063989999965	100	0	0
86.9588759999946	100	0	0
87.0093329999968	100	0	0
87.0610329999998	100	0	0
87.1115239999965	100	0	0
87.1643420000002	100	0	0
87.2135799999982	100	0	0
87.2621719999984	100	0	0
87.3164219999984	100	0	0
87.365435999997	100	0	0
87.4182829999998	100	0	0
87.4673649999946	100	0	0
87.5207170000002	100	0	0
87.569686999999	100	0	0
87.6226309999973	100	0	0
87.6717419999987	100	0	0
87.7246489999965	100	0	0
87.7749219999984	100	0	0
87.8277409999967	100	0	0
87.8768179999962	100	0	0
87.9295459999964	100	0	0
87.979563000001	100	0	0
88.032313000001	100	0	0
88.0813539999947	100	0	0
88.1314519999996	100	0	0
88.1848519999981	100	0	0
88.2337769999951	100	0	0
88.2869509999976	100	0	0
88.3359469999969	100	0	0
88.3893439999968	100	0	0
88.4383959999979	100	0	0
88.4914589999989	100	0	0
88.5405269999951	100	0	0
88.5934799999967	100	0	0
88.6434469999969	100	0	0
88.6954160000011	100	0	0
88.745735999994	100	0	0
88.7977919999957	100	0	0
88.8482390000001	100	0	0
88.8973399999961	100	0	0
88.9498329999968	100	0	0
88.9995819999948	100	0	0
89.0526159999967	100	0	0
89.101186999999	100	0	0
89.1548159999996	100	0	0
89.2042829999998	100	0	0
89.2567589999959	100	0	0
89.3068329999968	100	0	0
89.3593090000004	100	0	0
89.409110999994	100	0	0
89.461936999999	100	0	0
89.5110069999993	100	0	0
89.564061999999	100	0	0
89.6132129999995	100	0	0
89.6661140000001	100	0	0
89.7161199999973	100	0	0
89.7651290000007	100	0	0
89.8184519999996	100	0	0
89.8677589999959	100	0	0
89.9207859999984	100	0	0
89.9695590000004	100	0	0
90.0229719999954	100	0	0
90.0728439999968	100	0	0
90.1258159999996	100	0	0
90.1749099999964	100	0	0
90.2279639999941	100	0	0
90.276924999997	100	0	0
90.3298549999967	100	0	0
90.3798830000013	100	0	0
90.4328599999994	100	0	0
90.4817809999958	100	0	0
90.5313969999999	100	0	0
90.5849499999955	100	0	0
90.6337199999988	100	0	0
90.6869809999988	100	0	0
90.7358509999961	100	0	0
90.7892629999965	100	0	0
90.8383359999955	100	0	0
90.8910700000003	100	0	0
90.9406070000008	100	0	0
90.9939769999981	100	0	0
91.0426499999985	100	0	0
91.095612999998	100	0	0
91.1451999999955	100	0	0
91.1981099999994	100	0	0
91.2483869999945	100	0	0
91.3002980000004	100	0	0
91.3504219999984	100	0	0
91.3991349999979	100	0	0
91.4529509999976	100	0	0
91.5017390000001	100	0	0
91.554849999994	100	0	0
91.6046969999969	100	0	0
91.6576049999967	100	0	0
91.7069129999951	100	0	0
91.7602650000006	100	0	0
91.8088229999989	100	0	0
91.8622540000007	100	0	0
91.9117729999945	100	0	0
91.9644560000002	100	0	0
92.0135109999999	100	0	0
92.0668570000008	100	0	0
92.1158020000011	100	0	0
92.1657439999953	100	0	0
92.2190839999989	100	0	0
92.2683779999986	100	0	0
92.3216269999966	100	0	0
92.3705389999971	100	0	0
92.4246169999987	100	0	0
92.4723099999949	100	0	0
92.5254579999968	100	0	0
92.5745439999998	100	0	0
92.6276359999999	100	0	0
92.676985999994	100	0	0
92.7298909999952	100	0	0
92.7800929999947	100	0	0
92.8332609999999	100	0	0
92.8818069999963	100	0	0
92.9346620000005	100	0	0
92.9847060000002	100	0	0
93.0332650000006	100	0	0
93.0875929999948	100	0	0
93.1366279999986	100	0	0
93.1890199999958	100	0	0
93.2385960000008	100	0	0
93.291813000001	100	0	0
93.3408310000002	100	0	0
93.3939529999942	100	0	0
93.4430449999943	100	0	0
93.4959959999993	100	0	0
93.5455469999984	100	0	0
93.5990899999961	100	0	0
93.6486009999961	100	0	0
93.7011649999991	100	0	0
93.7504160000011	100	0	0
93.7992969999984	100	0	0
93.8530520000011	100	0	0
93.9015920000002	100	0	0
93.955623999998	100	0	0
94.0043709999993	100	0	0
94.0577449999973	100	0	0
94.1066279999986	100	0	0
94.1596089999974	100	0	0
94.2096359999999	100	0	0
94.2624139999971	100	0	0
94.3118489999995	100	0	0
94.3647580000013	100	0	0
94.4140179999992	100	0	0
94.4671939999983	100	0	0
94.5162109999955	100	0	0
94.5693189999983	100	0	0
94.6184499999955	100	0	0
94.6684899999946	100	0	0
94.7209019999951	100	0	0
94.7705419999957	100	0	0
94.8240709999949	100	0	0
94.8727849999964	100	0	0
94.9256539999992	100	0	0
94.9747800000012	100	0	0
95.027813000001	100	0	0
95.0780779999942	100	0	0
95.130924999997	100	0	0
95.1799019999951	100	0	0
95.2329340000004	100	0	0
95.2819629999995	100	0	0
95.3350579999983	100	0	0
95.3843289999962	100	0	0
95.433438000001	100	0	0
95.4874039999992	100	0	0
95.5361149999946	100	0	0
95.5893049999997	100	0	0
95.6391589999944	100	0	0
95.6926330000013	100	0	0
95.7412679999992	100	0	0
95.7942470000014	100	0	0
95.8436969999969	100	0	0
95.8967959999964	100	0	0
95.9458179999963	100	0	0
95.9989010000005	100	0	0
96.0481349999979	100	0	0
96.1011519999951	100	0	0
96.1503179999962	100	0	0
96.1996770000011	100	0	0
96.2532849999964	100	0	0
96.3021919999942	100	0	0
96.3555709999949	100	0	0
96.4045069999993	100	0	0
96.4584949999973	100	0	0
96.5074799999967	100	0	0
96.5598359999955	100	0	0
96.6089799999967	100	0	0
96.6628289999962	100	0	0
96.7115429999977	100	0	0
96.7645229999945	100	0	0
96.8139499999955	100	0	0
96.8675839999989	100	0	0
96.9167210000008	100	0	0
96.9694169999957	100	0	0
97.0185539999977	100	0	0
97.0686209999993	100	0	0
97.1219729999974	100	0	0
97.1707879999951	100	0	0
97.2239469999969	100	0	0
97.2729919999987	100	0	0
97.3260469999984	100	0	0
97.3752679999992	100	0	0
97.4284890000001	100	0	0
97.4775989999995	100	0	0
97.5304659999982	100	0	0
97.5806819999963	100	0	0
97.6330729999989	100	0	0
97.6823669999987	100	0	0
97.7351469999999	100	0	0
97.7853530000001	100	0	0
97.8343659999967	100	0	0
97.8871339999959	100	0	0
97.9359919999987	100	0	0
97.9899949999973	100	0	0
98.0387079999968	100	0	0
98.0921779999957	100	0	0
98.1413649999946	100	0	0
98.1945150000006	100	0	0
98.2438900000006	100	0	0
98.2969139999971	100	0	0
98.3461209999993	100	0	0
98.3991049999967	100	0	0
98.4483819999993	100	0	0
98.501123999998	100	0	0
98.5506290000007	100	0	0
98.6035799999982	100	0	0
98.6535599999949	100	0	0
98.702324000001	100	0	0
98.755561999999	100	0	0
98.805311999999	100	0	0
98.858037999995	100	0	0
98.9076679999977	100	0	0
98.9609059999958	100	0	0
99.0093929999992	100	0	0
99.0625249999985	100	0	0
99.1116939999983	100	0	0
99.1656400000006	100	0	0
99.2141290000007	100	0	0
99.2670159999952	100	0	0
99.3172269999981	100	0	0
99.3691889999956	100	0	0
99.4191579999998	100	0	0
99.4682889999971	100	0	0
99.5220659999996	100	0	0
99.570986999996	100	0	0
99.6235929999948	100	0	0
99.6728599999994	100	0	0
99.7269279999957	100	0	0
99.7760829999968	100	0	0
99.8285549999997	100	0	0
99.8779679999948	100	0	0
99.9310089999959	100	0	0
99.9800179999992	100	0	0
100.033079999998	100	0	0
100.082417999998	100	0	0
100.135408999994	100	0	0
100.184651000001	100	0	0
100.237770999998	100	0	0
100.287993000001	100	0	0
100.336684	100	0	0
100.390316	100	0	0
100.438792999998	100	0	0
100.492579999998	100	0	0
100.541221000001	100	0	0
100.594247999996	100	0	0
100.643452999994	100	0	0
100.696467	100	0	0
100.746600999996	100	0	0
100.799601999998	100	0	0
100.848652999997	100	0	0
100.901472999997	100	0	0
100.950809999995	100	0	0
101.003971000001	100	0	0
101.053166000001	100	0	0
101.103071999997	100	0	0
101.156405999996	100	0	0
101.205287	100	0	0
101.258515000001	100	0	0
101.307287999995	100	0	0
101.360707999997	100	0	0
101.409637999997	100	0	0
101.462556999996	100	0	0
101.511688000001	100	0	0
101.564792999998	100	0	0
101.614413999997	100	0	0
101.667072999999	100	0	0
101.717522999994	100	0	0
101.769831	100	0	0
101.819186999999	100	0	0
101.872066	100	0	0
101.921919	100	0	0
101.970890000001	100	0	0
102.024755999997	100	0	0
102.073968999997	100	0	0
102.127254999995	100	0	0
102.176	100	0	0
102.229009999998	100	0	0
102.277919999994	100	0	0
102.331213	100	0	0
102.380379999995	100	0	0
102.432876999997	100	0	0
102.482585999995	100	0	0
102.535419999994	100	0	0
102.585292999998	100	0	0
102.638210000001	100	0	0
102.687594999999	100	0	0
102.736664999999	100	0	0
102.791116999999	100	0	0
102.839950999998	100	0	0
102.892763999999	100	0	0
102.941990999997	100	0	0
102.994805999994	100	0	0
103.043604999997	100	0	0
103.096537999995	100	0	0
103.146912999995	100	0	0
103.198855999999	100	0	0
103.249328999996	100	0	0
103.301939999998	100	0	0
103.351063999996	100	0	0
103.404516999997	100	0	0
103.453637999997	100	0	0
103.502607000001	100	0	0
103.555817999996	100	0	0
103.604733999997	100	0	0
103.658419	100	0	0
103.708203999996	100	0	0
103.761287999995	100	0	0
103.810116999999	100	0	0
103.863252999999	100	0	0
103.912283	100	0	0
103.965447999999	100	0	0
104.015116999999	100	0	0
104.068233999997	100	0	0
104.117019999996	100	0	0
104.169908999994	100	0	0
104.219214999996	100	0	0
104.272387999997	100	0	0
104.322359999999	100	0	0
104.371169	100	0	0
104.424351999998	100	0	0
104.472949000001	100	0	0
104.527243000001	100	0	0
104.576252999999	100	0	0
104.628854999997	100	0	0
104.678001999997	100	0	0
104.730796999998	100	0	0
104.780468999997	100	0	0
104.834068999998	100	0	0
104.883305999994	100	0	0
104.936666999996	100	0	0
104.985017999999	100	0	0
105.038577	100	0	0
105.087723999999	100	0	0
105.136618999995	100	0	0
105.190436999999	100	0	0
105.240066999994	100	0	0
105.293033	100	0	0
105.341754999995	100	0	0
105.394791000001	100	0	0
105.443785999998	100	0	0
105.496744999997	100	0	0
105.546842	100	0	0
105.599935999997	100	0	0
105.648806999996	100	0	0
105.702017999999	100	0	0
105.750925999999	100	0	0
105.804300999999	100	0	0
105.853923999995	100	0	0
105.907798	100	0	0
105.955949999996	100	0	0
106.005089999996	100	0	0
106.058984999999	100	0	0
106.108195	100	0	0
106.161252999999	100	0	0
106.210044999994	100	0	0
106.263379000001	100	0	0
106.312908999994	100	0	0
106.365910999998	100	0	0
106.414979999997	100	0	0
106.467853999995	100	0	0
106.516875	100	0	0
106.570791000001	100	0	0
106.620177999996	100	0	0
106.672436999999	100	0	0
106.722472999997	100	0	0
106.771020999998	100	0	0
106.825266999997	100	0	0
106.874431999996	100	0	0
106.927298	100	0	0
106.976358999997	100	0	0
107.029612999998	100	0	0
107.078721999995	100	0	0
107.131862999998	100	0	0
107.181177000001	100	0	0
107.233445	100	0	0
107.283577999994	100	0	0
107.336805999994	100	0	0
107.386060999997	100	0	0
107.438419	100	0	0
107.487644000001	100	0	0
107.540925999999	100	0	0
107.590964999996	100	0	0
107.639688999996	100	0	0
107.692663999997	100	0	0
107.742436999999	100	0	0
107.79543	100	0	0
107.845008999996	100	0	0
107.897394999996	100	0	0
107.946625999995	100	0	0
107.999449000001	100	0	0
108.048717999995	100	0	0
108.102638999999	100	0	0
108.151862999998	100	0	0
108.204814999998	100	0	0
108.254292999998	100	0	0
108.307509999998	100	0	0
108.356762999997	100	0	0
108.405847999997	100	0	0
108.459048999995	100	0	0
108.508055999994	100	0	0
108.561596999995	100	0	0
108.610386	100	0	0
108.663428999998	100	0	0
108.712346000001	100	0	0
108.765360999994	100	0	0
108.815111999996	100	0	0
108.868527999997	100	0	0
108.917722999997	100	0	0
108.970578999996	100	0	0
109.020553999998	100	0	0
109.072419999994	100	0	0
109.122251999997	100	0	0
109.175522999994	100	0	0
109.224261999995	100	0	0
109.274436999999	100	0	0
109.326622999996	100	0	0
109.375909999996	100	0	0
109.429938000001	100	0	0
109.478995999999	100	0	0
109.531887999997	100	0	0
109.581005999997	100	0	0
109.634836999998	100	0	0
109.683941999994	100	0	0
109.736835999995	100	0	0
109.786339999996	100	0	0
109.839453999996	100	0	0
109.888285999998	100	0	0
109.940758000001	100	0	0
109.990504000001	100	0	0
110.040026000001	100	0	0
110.093024999999	100	0	0
110.141813999996	100	0	0
110.195019000001	100	0	0
110.245024999999	100	0	0
110.298182999998	100	0	0
110.347111999996	100	0	0
110.399916000001	100	0	0
110.449288999997	100	0	0
110.502457999997	100	0	0
110.551711999997	100	0	0
110.604633000001	100	0	0
110.653879999995	100	0	0
110.706682999998	100	0	0
110.757045999996	100	0	0
110.805894000001	100	0	0
110.858636	100	0	0
110.908387999997	100	0	0
110.960835000001	100	0	0
111.010868000001	100	0	0
111.063875999995	100	0	0
111.112592999995	100	0	0
111.165435999997	100	0	0
111.215527999997	100	0	0
111.267901999995	100	0	0
111.317254000001	100	0	0
111.37032	100	0	0
111.420439999998	100	0	0
111.473346000001	100	0	0
111.522258999996	100	0	0
111.575817999996	100	0	0
111.624898999996	100	0	0
111.673813999996	100	0	0
111.726912999995	100	0	0
111.777039999999	100	0	0
111.830217	100	0	0
111.878969999999	100	0	0
111.932122000001	100	0	0
111.980942999996	100	0	0
112.033820999995	100	0	0
112.084005999997	100	0	0
112.136961999997	100	0	0
112.186053999998	100	0	0
112.238735999994	100	0	0
112.287998999998	100	0	0
112.341802999996	100	0	0
112.391178999998	100	0	0
112.439743000001	100	0	0
112.493956	100	0	0
112.542923	100	0	0
112.596173999995	100	0	0
112.644283999994	100	0	0
112.698070999995	100	0	0
112.747685999997	100	0	0
112.800445999995	100	0	0
112.850057999998	100	0	0
112.902818999998	100	0	0
112.951769000001	100	0	0
113.004991999999	100	0	0
113.054022999994	100	0	0
113.106858999997	100	0	0
113.157118999995	100	0	0
113.209552000001	100	0	0
113.259655999996	100	0	0
113.308541000001	100	0	0
113.361522999994	100	0	0
113.410630999997	100	0	0
113.463702999994	100	0	0
113.512752999999	100	0	0
113.566770999998	100	0	0
113.615965999998	100	0	0
113.668844999999	100	0	0
113.718169999994	100	0	0
113.771207999997	100	0	0
113.820802999996	100	0	0
113.873647	100	0	0
113.922736999996	100	0	0
113.975284999996	100	0	0
114.025004999995	100	0	0
114.074750999995	100	0	0
114.127430999994	100	0	0
114.176787999995	100	0	0
114.230272	100	0	0
114.278872999996	100	0	0
114.332386	100	0	0
114.381109999999	100	0	0
114.433952	100	0	0
114.484127999999	100	0	0
114.536851999998	100	0	0
114.586802999996	100	0	0
114.639747000001	100	0	0
114.688908	100	0	0
114.741504999995	100	0	0
114.791210999995	100	0	0
114.843906999998	100	0	0
114.893101999998	100	0	0
114.942215999998	100	0	0
114.995671999998	100	0	0
115.044994999997	100	0	0
115.098057999998	100	0	0
115.148158999994	100	0	0
115.200199999996	100	0	0
115.249949000001	100	0	0
115.303000999995	100	0	0
115.352262999997	100	0	0
115.405391999997	100	0	0
115.454594999999	100	0	0
115.507515999995	100	0	0
115.557033999994	100	0	0
115.609601999998	100	0	0
115.660136999995	100	0	0
115.708767999999	100	0	0
115.762077999994	100	0	0
115.810853	100	0	0
115.863997000001	100	0	0
115.913465999998	100	0	0
115.966770999998	100	0	0
116.016133000001	100	0	0
116.068221000001	100	0	0
116.118647	100	0	0
116.170689999998	100	0	0
116.220985999994	100	0	0
116.273350999996	100	0	0
116.323493000001	100	0	0
116.375728999995	100	0	0
116.425854999997	100	0	0
116.477930999994	100	0	0
116.528105999999	100	0	0
116.577075999998	100	0	0
116.630563999996	100	0	0
116.679658	100	0	0
116.733118999995	100	0	0
116.781149999999	100	0	0
116.834832999997	100	0	0
116.883883999996	100	0	0
116.937467	100	0	0
116.986685999997	100	0	0
117.038908999994	100	0	0
117.088796999998	100	0	0
117.141888999999	100	0	0
117.19118	100	0	0
117.244006999999	100	0	0
117.293133999996	100	0	0
117.343224999994	100	0	0
117.396002999999	100	0	0
117.444975999996	100	0	0
117.498000999995	100	0	0
117.547739999995	100	0	0
117.600800999999	100	0	0
117.649769999996	100	0	0
117.702983999997	100	0	0
117.752436999999	100	0	0
117.804832999997	100	0	0
117.854747000001	100	0	0
117.907596000001	100	0	0
117.957647999994	100	0	0
118.009912999995	100	0	0
118.059364	100	0	0
118.112425999999	100	0	0
118.161755999997	100	0	0
118.211588999994	100	0	0
118.264728999995	100	0	0
118.313828999996	100	0	0
118.367200999998	100	0	0
118.415658999994	100	0	0
118.469111999996	100	0	0
118.518431999996	100	0	0
118.570785999998	100	0	0
118.621192999996	100	0	0
118.673384999998	100	0	0
118.722783	100	0	0
118.775890999995	100	0	0
118.827136999995	100	0	0
118.878230999999	100	0	0
118.927487999998	100	0	0
118.977427999996	100	0	0
119.030734999999	100	0	0
119.079232999995	100	0	0
119.132522999994	100	0	0
119.181647999994	100	0	0
119.234971999995	100	0	0
119.284250999995	100	0	0
119.337633999996	100	0	0
119.386758000001	100	0	0
119.439949999996	100	0	0
119.489186999999	100	0	0
119.542141999997	100	0	0
119.591662999995	100	0	0
119.644700999998	100	0	0
119.694149999999	100	0	0
119.746398999996	100	0	0
119.795756999999	100	0	0
119.845936999999	100	0	0
119.899313999996	100	0	0
119.947945999995	100	0	0
120.000872000001	100	0	0
120.049649999999	100	0	0
120.103236999996	100	0	0
120.152173	100	0	0
120.205486999996	100	0	0
120.254722999997	100	0	0
120.307615999997	100	0	0
120.357147999994	100	0	0
120.410027999997	100	0	0
120.459397	100	0	0
120.512200999998	100	0	0
120.562202	100	0	0
120.611104999997	100	0	0
120.664232000001	100	0	0
120.713832999997	100	0	0
120.767026000001	100	0	0
120.816425999999	100	0	0
120.869353	100	0	0
120.917997999996	100	0	0
120.971710999995	100	0	0
121.021869999997	100	0	0
121.090083999999	100	0	0
121.140519000001	100	0	0
121.176666999996	100	0	0
121.225203999996	100	0	0
121.27857	100	0	0
121.328512999997	100	0	0
121.376967	100	0	0
121.430930999994	100	0	0
121.480147999994	100	0	0
121.532857000001	100	0	0
121.582559999995	100	0	0
121.635171999998	100	0	0
121.684592	100	0	0
121.737906999998	100	0	0
121.786921999998	100	0	0
121.839615999997	100	0	0
121.889509999998	100	0	0
121.942549999997	100	0	0
121.991816999994	100	0	0
122.044855999999	100	0	0
122.093644999996	100	0	0
122.146552999996	100	0	0
122.196500999995	100	0	0
122.245463999994	100	0	0
122.29857	100	0	0
122.347575999998	100	0	0
122.401424999997	100	0	0
122.450483999997	100	0	0
122.5035	100	0	0
122.552522	100	0	0
122.605456	100	0	0
122.655306999996	100	0	0
122.708186999999	100	0	0
122.758123999998	100	0	0
122.810445999995	100	0	0
122.860342	100	0	0
122.912950999998	100	0	0
122.962313999996	100	0	0
123.011960000001	100	0	0
123.064659999996	100	0	0
123.113599999994	100	0	0
123.166972999997	100	0	0
123.216300999999	100	0	0
123.269441999994	100	0	0
123.318838	100	0	0
123.371464999996	100	0	0
123.421604999997	100	0	0
123.47357	100	0	0
123.523724999994	100	0	0
123.576684	100	0	0
123.625527999997	100	0	0
123.678501999997	100	0	0
123.728535999998	100	0	0
123.781747000001	100	0	0
123.831034999996	100	0	0
123.879960999995	100	0	0
123.932789999999	100	0	0
123.982564999998	100	0	0
124.035648999996	100	0	0
124.084788999997	100	0	0
124.138469999999	100	0	0
124.186989	100	0	0
124.239813999996	100	0	0
124.289912	100	0	0
124.342103999995	100	0	0
124.391564999998	100	0	0
124.444169	100	0	0
124.494125	100	0	0
124.547305999994	100	0	0
124.596173	100	0	0
124.645710000001	100	0	0
124.698732999995	100	0	0
124.748702	100	0	0
124.801708999999	100	0	0
124.850438000001	100	0	0
124.903327	100	0	0
124.953269999996	100	0	0
125.006092999995	100	0	0
125.055317999996	100	0	0
125.107903999999	100	0	0
125.157474999994	100	0	0
125.210321999997	100	0	0
125.260340999998	100	0	0
125.312986999996	100	0	0
125.362535999998	100	0	0
125.414920999996	100	0	0
125.464612999998	100	0	0
125.514603999995	100	0	0
125.567088	100	0	0
125.616908	100	0	0
125.670463	100	0	0
125.719369999997	100	0	0
125.771754000001	100	0	0
125.821414999999	100	0	0
125.874092999995	100	0	0
125.923846000001	100	0	0
125.976627999999	100	0	0
126.025671999998	100	0	0
126.078616999999	100	0	0
126.128733999997	100	0	0
126.181641999997	100	0	0
126.230743000001	100	0	0
126.279800999999	100	0	0
126.332965999998	100	0	0
126.382581999995	100	0	0
126.435739999995	100	0	0
126.484375999995	100	0	0
126.537784999996	100	0	0
126.586730999999	100	0	0
126.639718999997	100	0	0
126.689952999994	100	0	0
126.742866999999	100	0	0
126.791508999996	100	0	0
126.844912999995	100	0	0
126.894722999997	100	0	0
126.947828999996	100	0	0
126.996677000001	100	0	0
127.0495	100	0	0
127.099688000001	100	0	0
127.148921999998	100	0	0
127.201809	100	0	0
127.250901000001	100	0	0
127.303839999996	100	0	0
127.354237999998	100	0	0
127.406403999999	100	0	0
127.455321999997	100	0	0
127.508278999999	100	0	0
127.558460000001	100	0	0
127.610300999999	100	0	0
127.660548999995	100	0	0
127.713346999995	100	0	0
127.763009999998	100	0	0
127.815434999995	100	0	0
127.865511999995	100	0	0
127.914267999999	100	0	0
127.968008999996	100	0	0
128.017200999998	100	0	0
128.069479999997	100	0	0
128.119548	100	0	0
128.172050999999	100	0	0
128.221884999998	100	0	0
128.273923999995	100	0	0
128.324122000001	100	0	0
128.377008999996	100	0	0
128.426020999998	100	0	0
128.478865999997	100	0	0
128.528919	100	0	0
128.581601999998	100	0	0
128.630765999995	100	0	0
128.683866999999	100	0	0
128.733957999997	100	0	0
128.782789999999	100	0	0
128.836516999997	100	0	0
128.884626999997	100	0	0
128.938000999995	100	0	0
128.986965999998	100	0	0
129.040055999994	100	0	0
129.089853	100	0	0
129.142306999996	100	0	0
129.192516999997	100	0	0
129.244816	100	0	0
129.294210000001	100	0	0
129.346961999997	100	0	0
129.396984999999	100	0	0
129.449927999996	100	0	0
129.499045999996	100	0	0
129.548324999996	100	0	0
129.601296999998	100	0	0
129.651031999998	100	0	0
129.704039999999	100	0	0
129.753066999994	100	0	0
129.807068999998	100	0	0
129.901472999997	100	0	0
