0.00337700000405312	100	0	0
0.287530000001192	100	0	0
0.44453900000453	100	0	0
0.500848999999464	100	0	0
0.554585000000894	100	0	0
0.607070000000298	100	0	0
0.652958999998868	100	0	0
0.697946000002325	100	0	0
0.73877800000459	100	0	0
0.784645999997854	100	0	115
0.825023000001907	100	21.54	115
0.869215000003576	100	54.68	115
0.912179000005126	100	77.95	115
0.951418000005186	100	95.52	115
0.996809000000358	100	108.93	115
1.03700800000131	100	120.49	115
1.08254100000113	100	128.25	115
1.12290300000459	100	134.12	115
1.16691899999976	100	139.84	115
1.21081400000304	100	141.86	115
1.25438700000197	100	147.46	115
1.29852099999785	100	149.63	115
1.33806300000101	100	149.64	115
1.38021200000495	100	153.27	115
1.42058500000089	100	153.53	115
1.46585300000012	100	155.2	115
1.5131630000025	100	157.15	115
1.55738800000399	100	155.47	115
1.59679500000179	100	157.16	115
1.63826700000465	100	159.06	115
1.68252000000328	100	157.44	115
1.72271100000292	100	159.11	115
1.76413599999994	100	157.4	115
1.80395600000024	100	159.09	115
1.84602700000256	100	159.11	115
1.88559300000221	100	160.72	115
1.92573200000077	100	159.33	115
1.96357600000501	100	159.37	115
2.00346400000155	100	159.37	115
2.04707800000161	100	159.37	115
2.08892700000107	100	161	115
2.12727300000191	100	159.4	115
2.16765300000459	100	159.41	115
2.20754200000316	100	161	115
2.24986900000274	100	159.41	115
2.29051700000465	100	161.03	115
2.3291099999994	100	161.17	115
2.37240799999982	100	159.32	115
2.41593100000173	100	161.04	115
2.45858799999952	100	161.32	115
2.50105799999833	100	159.33	115
2.55292700000107	100	161.03	115
2.59582500000298	100	161.05	115
2.63925400000066	100	161.34	115
2.68524500000477	100	161.2	115
2.73352400000393	100	159.4	115
2.78075	100	161.04	115
2.82879100000113	100	161.03	115
2.87109300000221	100	161.05	115
2.91479900000244	100	161.05	115
2.95368200000375	100	161.04	115
2.99315399999917	100	161.05	115
3.03011600000411	100	161.37	115
3.07134800000489	100	161.32	115
3.11703400000185	100	161.28	115
3.15949300000072	100	161.34	115
3.19851099999994	100	161.32	115
3.24114699999988	100	161.28	115
3.28493699999899	100	161.29	115
3.32632200000435	100	161.15	115
3.3670549999997	100	161.19	115
3.41158900000155	100	161.03	115
3.44854300000519	100	161.22	115
3.49262099999934	100	161.1	115
3.54594900000095	100	161.2	115
3.59165900000185	100	161.2	115
3.63621299999952	100	161.2	115
3.68444399999827	100	161.34	115
3.72320800000429	100	161.29	115
3.76311500000209	100	161.32	115
3.80590799999982	100	161.3	115
3.84588800000399	100	161.37	115
3.88824500000477	100	162.69	115
3.92633200000226	100	161.32	115
3.96606400000304	100	161.33	115
4.0089980000034	100	161.33	115
4.04812099999934	100	162.94	115
4.09310400000215	100	161.3	115
4.13142900000513	100	161.38	115
4.17084400000423	100	162.94	115
4.21364400000125	100	161.32	115
4.25196999999881	100	161.34	115
4.2931230000034	100	162.95	115
4.33313199999929	100	161.29	115
4.37340600000322	100	161.35	115
4.41546800000221	100	162.98	115
4.45646400000155	100	161.3	115
4.50109000000358	100	161.34	115
4.54862200000137	100	162.98	115
4.58810199999809	100	161.3	115
4.6257330000028	100	162.99	115
4.66706599999964	100	161.32	115
4.71066099999845	100	161.29	115
4.75079200000316	100	162.97	115
4.79504699999839	100	161.3	115
4.83427600000054	100	162.99	115
4.8958900000006	100	161.34	115
4.93807500000298	100	162.95	115
4.98695600000024	100	161.33	115
5.11440200000256	100	162.97	115
5.16905400000513	100	161.3	115
5.21420100000501	100	162.98	115
5.25281400000304	100	161.3	115
5.2939849999994	100	162.97	115
5.3329280000031	100	161.29	115
5.37440500000119	100	162.97	115
5.41622500000149	100	161.32	115
5.45738300000131	100	162.95	115
5.51327700000256	100	161.3	115
5.55739299999922	100	162.99	115
5.60588199999928	100	161.3	115
5.6599450000003	100	162.97	115
5.70805799999833	100	163.16	115
5.76391499999911	100	161.3	115
5.81033500000089	100	162.98	115
5.86327300000191	100	161.3	115
5.91775	100	162.98	115
5.96662900000066	100	163.2	115
6.01923200000078	100	161.3	115
6.06876600000262	100	162.98	115
6.12225600000471	100	161.32	115
6.17469900000095	100	162.93	115
6.22395800000429	100	163.21	115
6.2772650000006	100	161.32	115
6.32632999999821	100	163.17	115
6.38001099999994	100	161.3	115
6.42853299999982	100	163.13	115
6.48214900000393	100	161.3	115
6.53492500000447	100	163.16	115
6.58451799999922	100	161.27	115
6.63742199999839	100	162.98	115
6.68712000000477	100	161.29	115
6.74060300000012	100	162.95	115
6.79289900000393	100	163.14	115
6.84313300000131	100	161.29	115
6.89507200000435	100	162.94	115
6.94537799999863	100	161.29	115
6.99769200000167	100	162.98	115
7.05095000000298	100	161.3	115
7.10022600000352	100	162.98	115
7.1532650000006	100	161.33	115
7.20318900000304	100	162.97	115
7.25683799999952	100	161.3	115
7.30915700000525	100	162.99	115
7.35838499999791	100	161.3	115
7.41183200000227	100	162.97	115
7.46153599999845	100	161.28	115
7.51434400000423	100	162.97	115
7.5673730000034	100	161.32	115
7.61610100000352	100	162.94	115
7.66902099999785	100	161.33	115
7.71996999999881	100	162.97	115
7.77241400000453	100	161.33	115
7.82599599999934	100	162.95	115
7.87538000000268	100	161.35	115
7.92771100000292	100	162.95	115
7.97680700000376	100	161.32	115
8.03077700000256	100	162.98	115
8.07937200000137	100	161.35	115
8.13278299999982	100	162.95	115
8.18527899999917	100	161.3	115
8.23590399999916	100	162.99	115
8.28866000000387	100	161.3	115
8.33806300000101	100	162.98	115
8.39106100000441	100	161.3	115
8.44395300000161	100	162.98	115
8.49300299999863	100	161.3	115
8.54633799999952	100	161.3	115
8.5957480000034	100	162.99	115
8.64906100000441	100	161.3	115
8.70119600000232	100	161.35	115
8.75090300000459	100	162.98	115
8.80395499999821	100	161.32	115
8.85328000000119	100	161.32	115
8.90702800000459	100	162.74	115
8.96004399999976	100	161.3	115
9.00910000000149	100	161.32	115
9.06250500000268	100	161.32	115
9.11214999999851	100	162.68	115
9.16499100000411	100	161.3	115
9.21904800000042	100	161.32	115
9.26792900000513	100	161.32	115
9.3205380000025	100	162.8	115
9.36975500000268	100	161.34	115
9.42278900000453	100	161.29	115
9.47215700000524	100	161.33	115
9.52525900000334	100	161.33	115
9.57793600000441	100	162.72	115
9.62803100000322	100	161.28	115
9.68222300000489	100	161.32	115
9.73297900000215	100	161.34	115
9.78368699999899	100	162.8	115
9.83630700000375	100	161.34	115
9.88637200000137	100	161.3	115
9.93808799999952	100	161.37	115
9.98810400000215	100	162.89	115
10.041638000004	100	161.32	115
10.0943480000049	100	161.3	115
10.1445430000052	100	162.83	115
10.1967180000022	100	161.3	115
10.2461510000005	100	161.33	115
10.299487999998	100	162.97	115
10.3526330000013	100	161.28	115
10.4021080000028	100	162.97	115
10.4546340000033	100	161.3	115
10.5038049999997	100	161.35	115
10.5579830000028	100	162.94	115
10.6060879999995	100	161.37	115
10.6597440000027	100	162.94	115
10.7128360000029	100	161.32	115
10.7626270000041	100	162.97	115
10.8150879999995	100	161.3	115
10.8641499999985	100	161.34	115
10.9179160000011	100	162.94	115
10.9708510000035	100	161.32	115
11.0201290000007	100	162.95	115
11.0727580000013	100	161.29	115
11.1230380000025	100	161.34	115
11.1766490000039	100	162.98	115
11.2297140000016	100	161.3	115
11.2785380000025	100	162.98	115
11.331311999999	100	161.33	115
11.3804030000046	100	162.93	115
11.4348150000051	100	161.29	115
11.4866420000046	100	162.97	115
11.5369750000015	100	161.32	115
11.5886900000051	100	162.95	115
11.6396279999986	100	161.32	115
11.6926059999987	100	161.34	115
11.7447199999988	100	162.95	115
11.7940340000018	100	161.33	115
11.8476560000032	100	162.98	115
11.8967980000004	100	161.29	115
11.9499849999994	100	163.01	115
11.998925999999	100	161.32	115
12.0528030000031	100	161.34	115
12.1051230000034	100	162.95	115
12.156763000004	100	161.3	115
12.2077089999989	100	162.99	115
12.2574790000021	100	161.3	115
12.3109830000028	100	162.95	115
12.3635870000049	100	161.33	115
12.4131480000019	100	162.97	115
12.4660430000052	100	161.29	115
12.5155989999995	100	162.94	115
12.5688790000007	100	161.33	115
12.6219919999987	100	162.95	115
12.6711950000003	100	163.11	115
12.7235480000004	100	161.29	115
12.7737290000021	100	162.97	115
14.9666700000018	100	161.29	115
15.010449000001	100	162.94	115
15.0525080000013	100	163.31	115
15.0979659999982	100	161.29	115
15.1369710000008	100	162.97	115
15.1865280000046	100	163.28	115
15.2258489999995	100	161.32	115
15.2662190000042	100	162.94	115
15.3066270000041	100	162.98	115
15.3470410000011	100	161.32	115
15.3902060000002	100	162.97	115
15.429300999999	100	161.3	115
15.4709240000024	100	162.99	115
15.5148550000042	100	162.98	115
15.5631579999998	100	161.33	115
15.6049430000037	100	162.95	115
15.6466440000013	100	163.23	115
15.6918959999979	100	161.29	115
15.7303400000036	100	162.97	115
15.7716440000013	100	161.3	115
15.8119350000024	100	162.99	115
15.8506389999986	100	162.95	115
15.8953840000033	100	161.32	115
15.9351070000008	100	162.95	115
15.9812520000041	100	161.29	115
16.0219090000018	100	162.95	115
16.0612709999979	100	161.29	115
16.1051140000001	100	162.95	115
16.150262000002	100	161.3	115
16.1960139999986	100	162.99	115
16.2383489999995	100	163.01	115
16.2787040000036	100	161.27	115
16.3225980000049	100	163.28	115
16.3677859999984	100	161.3	115
16.412251000002	100	162.99	115
16.4533470000029	100	161.29	115
16.4997390000001	100	162.98	115
16.5452800000012	100	162.98	115
16.592998999998	100	161.3	115
16.6319940000027	100	162.95	115
16.7582019999996	100	161.32	115
